Mixture	B cells naive	B cells memory	Plasma cells	T cells CD8	T cells CD4 naive	T cells CD4 memory resting	T cells CD4 memory activated	T cells follicular helper	T cells regulatory (Tregs)	T cells gamma delta	NK cells resting	NK cells activated	Monocytes	Macrophages M0	Macrophages M1	Macrophages M2	Dendritic cells resting	Dendritic cells activated	Mast cells resting	Mast cells activated	Eosinophils	Neutrophils	PD-L1
TCGA-D7-A74A-01A-11R-A32D-31	0	0.010575707	0.087510944	0.177472631	0	0.272330873	0.052256418	0.035299059	0.086417743	0	0	0.025007544	0.006350878	0.005918362	0.067376655	0.083151119	0.061750379	0.02226537	0	0.006316317	0	0	0.455484884
TCGA-CG-4441-01A-01R-1802-13	0.040106024	0	0.05370329	0.036757924	0	0.184618746	0.024776612	8.04E-05	0.036831568	0	0	0.042413636	0	0.22754564	0.076001629	0.140131631	0	0	0	0.058977439	0	0.078055439	1.381769289
TCGA-BR-8591-01A-11R-2402-13	0.038879939	0	0.063865197	0.038498531	0	0.129971882	0.021204488	0.047649855	0.079117141	0.004494174	0	0.06466627	0	0.223431282	0.135154071	0.112120169	0	0	0	0.029136485	0	0.011810516	2.036057197
TCGA-VQ-A91E-01A-31R-A414-31	0.072290722	0	0.198233023	0.126911913	0	0.267752338	0.100941205	0.02703981	0.017562201	0	0.026902725	0	0.004835257	0.037431185	0.035100233	0.043215004	0	0.002823103	0	0.026586206	0	0.012375075	1.340895761
TCGA-D7-A6F0-01A-11R-A31P-31	0.017372687	0	0.080809829	0.091291134	0	0.160543165	0.03006027	0.035215815	0.044363876	0	0	0.045910423	0	0.167950103	0.084757263	0.162702494	0.052025772	0	0.026997171	0	0	0	1.229974033
TCGA-IN-A6RI-01A-11R-A32D-31	0.12357033	0	0.054114351	0.002476983	0	0.190832659	0	0.037383511	0.083679055	0	0	0.005988137	0	0.235902388	0.011358366	0.112240271	0	0.052687987	0	0.077017305	0	0.012748658	0.403989118
TCGA-B7-A5TI-01A-11R-A31P-31	0.059930486	0	0.101870181	0.102845658	0	0.124088351	0.044275508	0.038091965	0.086016325	0	0	2.74E-05	0	0.110773235	0.130916031	0.121926106	0.029934567	0	0.049304172	0	0	0	0.527346536
TCGA-BR-A4J6-01A-11R-A251-31	0.04800965	0	0.396256815	0.094604291	0	0.221121236	0.024260253	0.0014682	0.036309749	0	0	0.023533189	0.006101996	0.008426628	0.008865369	0.070663317	0.017239361	0.021044223	0.022095723	0	0	0	0.331776173
TCGA-FP-7829-01A-11R-2055-13	0.023966454	0	0	0	0	0.257055078	0	0.020551227	0.065505231	0	0.042512845	0	0	0.360963179	0.006275677	0.133428784	0.01780599	0	0	0.050254401	0	0.021681134	0.308919147
TCGA-VQ-A8E7-01B-11R-A414-31	0.048263571	0	0.036667802	0.043865386	0	0.27555209	0.04146712	0.011353835	0.024257201	0	0.065877892	0	0	0.16278768	0.080424325	0.127315503	0	0.003019573	0.052597835	0.008527482	0	0.018022706	0.483556867
TCGA-VQ-AA6K-01A-11R-A414-31	0.061367393	0	0.116345059	0.183232489	0	0.222821551	0.101801453	0.012784542	0.025623074	0	0.000830783	0.015315325	0.004793784	0.082298601	0.041579641	0.075919972	0.023155706	0.004272506	0.027112712	0.000745411	0	0	0.849277519
TCGA-RD-A8N0-01A-12R-A36D-31	0.02753782	0.191222959	0.113631679	0.17373172	0	0.161183195	0.006454189	0.053189968	0.09199056	0	0	0.026076992	0.002762227	0.01620717	0.028837729	0.037658835	0.013868532	0.00815659	0.047489836	0	0	0	1.852079998
TCGA-IN-A6RL-01A-11R-A32D-31	0.078619682	0	0.078195436	0.084105716	0	0.242204315	0	0	0.120868979	0	0	0.020400303	0.023125944	0.006170745	0.117614218	0.150476228	0.013795496	0.007035757	0.052937745	0	0	0.004449436	0.489405526
TCGA-CD-8535-01A-11R-2343-13	0.076852773	0	0	0.07222088	0	0.00704699	0.012454261	0.027639229	0.085979395	0	0	0.014034333	0	0.523354057	0.074114352	0.077297419	0	0	0.029006312	0	0	0	1.163687383
TCGA-VQ-A91D-01A-11R-A414-31	0	0	1.62E-05	0.043265314	0	0.16060299	0.035829185	0.086040383	0.007753544	0	0.032810835	0.006788899	0	0.226416657	0.144103833	0.098826283	0	0	0	0.1469761	0.00147651	0.009093229	3.321435958
TCGA-CD-8526-01A-11R-2343-13	0.140185115	0	0.091875593	0.089035921	0	0.143112086	0.027980178	0.073125384	0.094722224	0	0	0.006929324	0	0.167013475	0.048515172	0.085445524	0.003646497	0.024637068	0.003776439	0	0	0	1.258460013
TCGA-BR-8361-01A-11R-2343-13	0.028488499	0	0.015864736	0.277106049	0	0.012320165	0.097004665	0.058165226	0.14952182	0	0	0.025883292	0	0.038515622	0.076958103	0.082577958	0	0.091544196	0.015372533	0	0.012754567	0.017922569	3.987586575
TCGA-CD-5804-01A-12R-2055-13	0.042604022	0	0	0.003024931	0	0.133732572	0.004848739	0	0.094901392	0.017160454	0.031471007	0	0.012838297	0.342285194	0.088213888	0.161343897	0.001832772	0	0	0.041544431	0	0.024198406	0.392063603
TCGA-BR-A4J4-01A-12R-A251-31	0.021359157	0.004203933	0	0.024946497	0	0.276726833	0	0	0.116901265	0.020820747	0	0.034366187	0.00104856	0	0.171567515	0.122452947	0.18945129	0	0	0.016155069	0	0	3.594938784
TCGA-MX-A5UJ-01A-11R-A31P-31	0.105687872	0	0.031057788	0.131734358	0	0.222696175	0	0.042576239	0.028741626	0	0	0.05367792	0	0.05924687	0.112005261	0.125703294	0	0	0.070403787	0.001952121	0	0.014516688	1.131329872
TCGA-CG-4301-01A-01R-1157-13	0.042348714	0	0	0	0	0.249891413	0.016010161	0.021858799	0.002014573	0.008782254	0.008872159	0	0	0.107417602	0.078124767	0.263357599	0.07345812	0	0.047646605	0.026655304	0.047021574	0.006540357	1.563475747
TCGA-BR-6852-01A-11R-1884-13	0.005411435	0	0.026388086	0.33764511	0	0	0.052838627	0.02791252	0.086157915	0	0.031377876	0.047192733	0	0.174902791	0.056708373	0.137078494	0	0	0.01638604	0	0	0	8.194531232
TCGA-IN-A7NR-01A-11R-A354-31	0.028079993	0.081789676	0.03938532	0.164551839	0	0.169165613	0	0.005701139	0.153962708	0	0	0.086665773	0.010897248	0	0.042809514	0.08354588	0.015546079	0.038251038	0.079648181	0	0	0	0.579218954
TCGA-VQ-A8PD-01A-11R-A414-31	0.033775002	0.147452282	0.052398041	0.12342323	0	0.297982867	0.041030419	0	0.062838302	0	0.043354855	0	0.002617017	0.04499565	0.064064843	0.019164941	0.02848064	0.005203442	0	0.020535019	0	0.012683448	2.0067079
TCGA-BR-6563-01A-13R-2055-13	0.118453697	0	0.116692759	0.245974151	0	0.071676394	0.008973685	0.018183741	0.065415619	0	0	0.017714613	0.011456407	0.082404147	0.057946519	0.072787822	0.067919378	0	0.044401068	0	0	0	0.929361832
TCGA-F1-6177-01A-11R-1802-13	0.016299764	0	0	0.05990239	0	0.221820895	0.03428492	0.045685764	0.039927251	0	0	0.009095807	0	0.179321788	0.069565515	0.134887432	0	0	0	0.189208474	0	0	1.135790757
TCGA-VQ-A925-01A-11R-A414-31	0.09941265	0	0.048476575	0.196435225	0	0.361683665	0.032835515	0.002853781	0.060627411	0	0	0.004270906	0.008920175	0.035152673	0.053176806	0.05687744	0.017462332	0.009012596	0.012802248	0	0	0	0.781054122
TCGA-VQ-A94P-01A-13R-A414-31	0.070411706	0	0.016737814	0.135223468	0	0.318091043	0	0.016925274	0.050721864	0	0	0.069300423	0.046401908	0	0.081028478	0.12949976	0.008811634	0	0.05470107	0	0.002145558	0	0.920356291
TCGA-MX-A666-01A-11R-A31P-31	0.346809553	0	0.056753543	0.024776333	0	0.219890351	0	0.004169214	0.110467168	0	0	0.057296629	0	0.084741889	0.002138485	0.02001047	0	0.007483799	0.063940187	0	0	0.001522381	0.688592949
TCGA-BR-6709-01A-11R-1884-13	0.006694079	0	0.073030962	0.232502521	0	0.127067378	0.069663148	0.02414509	0.063102249	0	0.010646807	0	0.007822513	0.117345778	0.077269454	0.190710022	0	0	0	0	0	0	3.278763694
TCGA-BR-8369-01A-11R-2343-13	0.170075109	0.064476485	0	0.072877924	0	0.229237604	0	0	0.104773745	0	0	0	0.010306559	0.111029645	0.075568626	0.09105917	0.017163323	0	0.03233769	0.021094122	0	0	0.318372407
TCGA-HU-A4G9-01A-11R-A24K-31	0	0.041973972	0.039307626	0.0169388	0	0.32560563	0	0.042880737	0.037977064	0	0	0.068930135	0	0.152519523	0.079734758	0.069756973	0	0.033979575	0.034910041	0	0	0.055485166	0.278400501
TCGA-BR-6565-01A-11R-1802-13	0.009806053	0	0.057349406	0.130572795	0	0.159156663	0.054897917	0.029318981	0.047595661	0	0	0.035546808	0.009639065	0.225937129	0.08743848	0.107895133	0.014246571	0	0.030599338	0	0	0	2.07177789
TCGA-CG-4460-01A-01R-1157-13	0.087626267	0	0.082682749	0.038462197	0	0.214381622	0.01764911	0.022349379	0.009842374	0	0.011260781	0	0.000907088	0.121768984	0.078197609	0.181393952	0.00331847	0	0	0.097508299	0.022434265	0.010216854	1.982726314
TCGA-IN-8462-01A-11R-2343-13	0.00726013	0.012984524	0.055144086	0.061065986	0	0.126840767	0	0	0.115172732	0	0	0.051857875	0.000473932	0.073243901	0.153537997	0.118627577	0.085866009	0	0.137924483	0	0	0	0.944208652
TCGA-RD-A7BS-01A-11R-A32D-31	0.052481522	0.124864308	0.006871952	0.052685313	0	0.168755579	0	0.015587143	0.080274879	0	0	0.033635349	0	0.162512087	0.184055644	0.033082278	0	0.012559424	0.072634522	0	0	0	1.953968067
TCGA-BR-8486-01A-31R-2402-13	0.065394618	0	0.053750964	0	0	0.232632515	0.06544275	0.051765776	0.075898693	0.000302352	0.028126277	0	0	0.307282435	0.024190282	0.066136333	0	0.012702073	0	0.016374931	0	0	1.555363372
TCGA-VQ-A8PK-01A-12R-A414-31	0.07531695	0	0.089360269	0.022891444	0	0.19548441	0	0.054083273	0.023374809	0	0.023344751	0.109513357	0	0.108479538	0.162710568	0.094375556	0	0.004079447	0.036985628	0	0	0	1.472126415
TCGA-D7-A6EX-01A-11R-A31P-31	0.164530483	0	0.052422247	0.069033181	0	0.205359773	0.025575128	0.0204034	0.161705318	0	0	0.022246523	0.001695139	0.017634938	0.050934949	0.105329643	0.022347904	0	0.080781371	0	0	0	0.261243863
TCGA-HU-A4H4-01A-21R-A251-31	0.002514272	0.040389841	0.056445069	0.171437554	0	0	0.12759073	0.04847812	0.092445493	0	0	0.001378274	0	0.14677374	0.152589782	0.042524469	0	0.055726277	0.044382716	0	0	0.017323664	3.502741968
TCGA-VQ-A8DT-01A-11R-A36D-31	0	0	0.086214849	0.104511373	0	0.34558463	0.093455645	0.005136985	0.022053435	0.001703033	0	0.059061046	0	0.054075669	0.035300793	0.059203007	0.008697221	0.020459886	0.083247978	0	0	0.021294449	0.462618563
TCGA-HU-A4GF-01A-11R-A24K-31	0.070781108	0	0.040220299	0.088365378	0	0.075564502	0.052821115	0.050248801	0.087680421	0	0	0.024204055	0	0.266260281	0.055768863	0.067676217	0	0.011252858	0	0.01260042	0	0.096555682	1.196854328
TCGA-BR-8367-01A-11R-2343-13	0.001891228	0	0.051506183	0	0	0.34543226	0	0	0.000371251	0	0	0.067125693	0.018105994	0.071795542	0.006316077	0.16677443	0.032050412	0.018789394	0.219841535	0	0	0	0.625909103
TCGA-IN-7808-01A-11R-2203-13	0.192483543	0.105277017	0.059300752	0.167473841	0	0.136538181	0	0.019057589	0.131697144	0	0	0.064501843	0	0.045381077	0.035857444	0.038068412	0.004363157	0	0	0	0	0	1.473587397
TCGA-BR-8297-01A-12R-2343-13	0.144669933	0.004895178	0.028026059	0.106612213	0	0.152812974	0.005643677	0.016088235	0.130895237	0	0	0.06292221	0.003620548	0.031077758	0.089156635	0.079202426	0.025887418	0.006048291	0.112441209	0	0	0	0.471631255
TCGA-B7-5818-01A-11R-1602-13	0.010011614	0	0	0.122409303	0	0.10710441	0.166408639	0.005351535	0.025664621	0	0	0.053260164	0.016255675	0.143032826	0.099314028	0.144582459	0.02624786	0	0.073128894	0	0	0.007227972	1.420510704
TCGA-BR-8683-01A-11R-2402-13	0.075940527	0	0	0.136062272	0	0.166791534	0.029446963	0.048310084	0.138477581	0	0.019252276	0	0	0.107639791	0.072535988	0.087483237	0.069623232	0.027347612	0.016387397	0.004701508	0	0	2.197508128
TCGA-BR-8366-01A-11R-2343-13	0.030120362	0	0.05039585	0.081288203	0	0.129932131	0.113710249	0.015167203	0.0234686	0.032411443	0	0.06353509	0	0.076302286	0.160614647	0.163427377	0.012643244	0	0.046983316	0	0	0	10.4284901
TCGA-BR-8291-01A-11R-2343-13	0.023135128	0	0.005903373	0.178772565	0	0.101574774	0.034208264	0	0.073938453	0	0	0.033713203	0.012236118	0.024981452	0.018413232	0.296127268	0.062069453	0	0.131980092	0	0.002946626	0	0.471315072
TCGA-VQ-A91X-01A-12R-A414-31	0.139381889	0	0.210735547	0.071014167	0	0.20489504	0	0.06006071	0.072323594	0	0	0.010207486	0	0.088693128	0.033798419	0.040747126	0.06116562	0.000938661	0.006038612	0	0	0	0.163764233
TCGA-BR-4367-01A-01R-1157-13	0.001299297	0.009544873	0	0	0	0.210808016	0.082478057	0	0.007409806	0.034274679	0	0.009511461	0	0.22833222	0.1264676	0.211607163	0.000587265	0	0	0.023605757	0.015546578	0.038527229	2.150672825
TCGA-D7-6522-01A-11R-1802-13	0.040397058	0.046314824	0.015667591	0.150194085	0	0.056973576	0.04448119	0.009873839	0.135770417	0	0	0.024204568	0.002043984	0.123084911	0.060471322	0.184128825	0.04761593	0	0.051829302	0	0.002606221	0.004342358	1.36475238
TCGA-BR-8682-01A-11R-2402-13	0.001982101	0.034489764	0	0	0	0.197063807	0	0	0.066221139	0	0	0.051120539	0	0.4089712	0.028059014	0.135337814	0.000105841	0	0.076648782	0	0	0	0.748289928
TCGA-CG-4436-01A-01R-1157-13	0.070180536	0	0.007958814	0	0	0.171573202	0.13249975	0.001863491	0	0.021036437	0.000944308	0	0	0.153139625	0.059519615	0.086361644	0	0	0	0.129376663	0.022581839	0.142964074	3.287810024
TCGA-BR-7901-01A-11R-2203-13	0.054842903	0	0.013516405	0.078762698	0	0.116061564	0	0.009719195	0.080953716	0	0	0.018800378	0	0.339511646	0.107334733	0.125468095	0.003387653	0	0	0.047712131	0	0.003928884	1.246559463
TCGA-BR-6707-01A-11R-1884-13	0.014663902	0	0.029898244	0.34154454	0	0.018451238	0.118115646	0.026417093	0.07385549	0.008848931	0	0.018466215	0.000507087	0.150835261	0.087441351	0.084273237	0.008590361	0	0.018091406	0	0	0	2.3287401
TCGA-HU-A4H5-01A-21R-A251-31	0.036618699	0	0.191842816	0.096051356	0	0	0.004761443	0.001680265	0.067386258	0.003238868	0.042565218	0	0	0.341434759	0.024215956	0.091677955	0	0	0	0.067028547	0	0.03149786	0.599594655
TCGA-BR-8679-01A-11R-2402-13	0.000795105	0.007804302	0	0	0	0.248439685	0	0.03903179	0.053547161	0	0	0.09941302	0.038849141	0.162030687	0.067232223	0.200648007	0.008100773	0	0.061877211	0	0.012230895	0	1.000808173
TCGA-FP-A4BF-01A-12R-A36D-31	0.013478531	0	0.065196522	0.168605372	0	0.159559251	0.114656862	0.030330571	0	0	0	0.086425219	0.003639365	0.07314107	0.068948052	0.120149028	0.029341564	0.003884323	0.062644273	0	0	0	2.092010395
TCGA-CD-5798-01A-11R-1602-13	0.000518412	0	0.002008701	0.110941935	0	0.235937332	0	0	0.058905719	0	0	0.050225791	0.052632752	0.054038633	0.039045242	0.260982085	0.049339565	0.022362394	0.022354786	0.038146405	0	0.002560248	0.637009317
TCGA-VQ-A8E2-01A-11R-A36D-31	0.093896721	0	0.008192918	0.119573226	0	0.197638707	0.06200957	0.093746839	0.03093604	0	0.015938481	0.006699145	0	0.285770066	0.049039721	0.031693189	0	0	0.004865377	0	0	0	0.912551616
TCGA-D7-A6F2-01A-12R-A31P-31	0.03869482	0	0.054562544	0.039671688	0	0.346523425	0.000558428	0	0.092928724	0	0	0.040286006	0.005131014	0.187761857	0.041256878	0.105646539	0	0	0.038463859	0	0.008514217	0	1.150803297
TCGA-BR-7717-01A-11R-2055-13	0.124016012	0	0.027202156	0.115033819	0	0.105450276	0	0.016647602	0.120652051	0	0	0.038871803	0.007515441	0.169785477	0.063194863	0.136935231	0	0	0	0.069633431	0	0.005061837	0.331127489
TCGA-VQ-A8DZ-01A-11R-A36D-31	0.0278666	0	0.104296244	0.04809904	0	0.180434113	0.053701511	0	0.063360962	0	0	0.025571548	0	0.169502709	0.060834134	0.106847802	0.012702558	0.013653004	0.052544171	0.00154249	0	0.079043113	0.48494806
TCGA-CG-5732-01A-11R-1602-13	0.028178135	0.03312026	0.257412782	0.184041278	0	0.134073716	0	0	0.11164315	0	0	0.020692899	0.006484963	0.079299657	0.029354482	0.06897365	0.014851959	0.001121367	0	0.018798964	0	0.011952737	0.747963897
TCGA-CG-4462-01A-01R-1157-13	0.042851524	0	0.005079792	0	0	0.184494988	0.014894138	0	0	0	0.059260882	0	0.007631727	0.054652485	0.00582237	0.216473141	0.038176897	0.045605254	0	0.071421474	0.038015396	0.215619929	1.939375701
TCGA-BR-4191-01A-02R-1131-13	0.023197569	0	0.030215653	0.066856309	0	0.156312965	0.082118164	0	0.019454897	0	0.024903474	0	0.055547299	0.054643018	0.04359747	0.214302193	0.120259937	0	0.025876761	0	0.070829185	0.011885106	1.941462781
TCGA-IN-8663-01A-11R-2402-13	0	0	0.011246307	0.131695054	0	0.106843025	0.054745339	0.053891608	0.036194809	0	0	0.034922709	0	0.213405378	0.075044112	0.200675232	0.031838156	0.010482604	0.039015667	0	0	0	12.5391219
TCGA-R5-A7ZI-01A-11R-A354-31	0.010827002	0.009400652	0.043769967	0.217823444	0	0.065721518	0.110896125	0.059558524	0.103293449	0	0.013386704	0	0	0.024755094	0.040050484	0.178356214	0	0.091076596	0	0.02843407	0	0.002650156	6.413157184
TCGA-BR-8686-01A-11R-2402-13	0.07181179	0	0.072251329	0.22032054	0	0.207972681	0.028912041	0.002965288	0.048481758	0.026218493	0	0	0.013710808	0	0.143494425	0.12866148	0.006176005	0	0.018736501	0.010286863	0	0	1.104432713
TCGA-CD-A486-01A-11R-A24K-31	0.033691366	0	0.056883086	0.03033656	0	0.014614491	0.007575413	0.026157769	0.07120033	0.000370895	0	0	0	0.50010629	0.034480159	0.179123714	0	0	0	0.044514931	0	0.000944995	0.629348545
TCGA-VQ-A8P3-01A-11R-A36D-31	0.037772849	0	0.009147451	0.35902778	0	0.112773753	0.083207102	0.026572433	0.075813107	0	0	0.061292539	0.005404401	0.048412937	0.049424887	0.045952582	0.015683422	0	0.069514758	0	0	0	1.586008167
TCGA-BR-4256-01A-01R-1131-13	0.037443642	0	0.00276192	0.073032779	0	0.123902724	0.076694656	0.020485644	0.01226618	0	0.047609874	0	0.064118254	0.106702783	0.062728185	0.132224702	0	0.024034351	0.105996117	0.029056683	0	0.080941505	5.262207822
TCGA-BR-6455-01A-11R-1802-13	0.063440622	0	0	0.25483019	0	0.077428434	0.04957658	0.025097606	0.072478854	0	0.012518045	0	0.026244172	0.14956769	0.110744144	0.129458425	0.016883297	0	0	0.01173194	0	0	0.905926202
TCGA-BR-8372-01A-11R-2343-13	0	0.017766684	0.009336171	0.190767605	0	0.03181507	0.181550819	0.058349925	0.01291068	0.004339387	0	0.00359694	0	0.131640294	0.10289316	0.163187766	0.064151103	0	0.026636794	0	0	0.001057602	3.927072542
TCGA-HU-A4H8-01A-11R-A251-31	0	0.008309468	0.027738272	0.097020811	0	0.202568598	0.073298948	0.079836906	0.049809993	0	0.019189779	0.014308119	0.002795285	0.123266699	0.085520555	0.140254202	0	0.035276985	0.04080538	0	0	0	1.300740446
TCGA-CG-4444-01A-01R-1157-13	0.077078857	0	0.041655615	0.033299168	0	0.257206342	0.036252234	0	0.046603565	0.005891252	0	0	0.005131569	0.03828901	0.054693678	0.248084938	0.015132289	0.01028017	0	0.086239036	0	0.044162278	1.224467292
TCGA-BR-A4CS-01A-11R-A24K-31	0.016262065	0	0.020970457	0.015713969	0	0.253207232	0.025311266	0	0.011073284	0	0	0	0.051348566	0.157396188	0.043732591	0.043325892	0	0.106175307	0	0.153771056	0	0.101712127	0.863703036
TCGA-IN-A6RS-01A-12R-A354-31	0.0774254	0	0.062151283	0.127525701	0	0.057225022	0.162315426	0.023134673	0.038568666	0	0.039700132	0	0	0.175593188	0.046593333	0.065322483	0	0.015809959	0	0.098802505	0.002410367	0.007421863	1.035760091
TCGA-CD-A487-01A-21R-A24K-31	0.041537085	0	0	0.090670403	0	0.109615959	0	0.018867397	0.049639155	0	0	0.108718718	0	0	0.010034794	0.085947813	0	0.103610423	0.152806173	0	0	0.228552078	0.575491376
TCGA-D7-6822-01A-11R-1884-13	0.058308545	0	0	0.125918632	0	0.191916852	0.047464501	0	0.022580232	0	0.064906441	0	0	0.214296171	0.080060894	0.067311594	0.014700294	0	0.000113273	0	0	0.112422569	2.116407133
TCGA-BR-8058-01A-31R-2343-13	0.045217997	0	0.05231952	0.112393432	0	0.254765704	0.052043329	0	0.04857449	0	0	0.032007008	0.008757181	0.042413875	0.11312897	0.142031677	0.016697683	0	0.079649133	0	0	0	1.582546083
TCGA-HU-8238-01A-11R-2343-13	0.091685411	0	0.032685551	0.076120267	0	0.06886945	0	0.002263798	0.124741239	0	0	0.04955822	0	0.154040593	0.059965431	0.096207517	0	0.041916595	0.170373109	0.015724943	0	0.015847877	1.19927897
TCGA-VQ-A8PP-01A-21R-A414-31	0.11248334	0	0.017676881	0.148577467	0	0.146554308	0.101696892	0.06329759	0.070606699	0	0.019652478	0.003584253	0.003706765	0.074459133	0.096908119	0.113834943	0.00251724	0	0.024443893	0	0	0	1.592013066
TCGA-HJ-7597-01A-21R-2203-13	0.028679805	0.00796296	0.021633384	0.374822828	0	0	0.047109045	0.004779476	0.104725825	0	0.011505218	0.071846267	0	0.060411516	0.151413491	0.059390087	0.000140659	0.003399982	0.042758644	0	0	0.009420814	2.134841155
TCGA-VQ-A8P8-01A-11R-A39E-31	0.060866472	0.171564722	0.140327951	0.044730008	0	0.258849293	0	0	0.09509605	0	0	0.020198038	0	0.036016603	0.011670556	0.007587242	0.01017332	0.04443377	0.098485974	0	0	0	0.785542637
TCGA-VQ-A8P5-01A-11R-A39E-31	0.07769608	0	0.079973477	0.123245616	0	0.084989614	0.107060826	0.013069839	0.00298419	0	0.085191234	0	0.007213792	0.139810672	0.12137077	0.103282123	0.009305626	0	0.021025077	0	0	0.023781065	1.06521099
TCGA-IN-A6RJ-01A-21R-A33Y-31	0.003531179	0.029166026	0.067800384	0.089667048	0	0.162660969	0	0.044955626	0.099764707	0	0	0.082624947	0.012322712	0.017206635	0.070274394	0.086376006	0.082572301	0.051697313	0.095682144	0	0	0.003697609	0.922436904
TCGA-IN-A6RO-01A-12R-A33Y-31	0.048021457	0	0.013360005	0.013318304	0	0.315235251	0.120799181	0.001470263	0.030254311	0	0.085216004	0	0.001209983	0.07393711	0.088669542	0.134599981	0.012130036	0.030523869	0.031254703	0	0	0	0.367889993
TCGA-BR-6458-01A-11R-1802-13	0.026539892	0	0.015597004	0.161755134	0	0.132562088	0.036258863	0.04841836	0.064677849	0	0.001640007	0.007039181	0.002874506	0.137370227	0.110830488	0.135925548	0.096852087	0	0.021658765	0	0	0	1.506846113
TCGA-VQ-AA6D-01A-11R-A414-31	0.047659191	0	0	0.020689035	0	0.254101119	0	0.073819159	0.044343992	0	0	0.028591179	0	0.245506212	0.072790342	0.041755314	0	0.031957386	0	0.13878707	0	0	1.797355394
TCGA-D7-6526-01A-11R-1802-13	0.077488133	0	0.028506032	0.026302528	0	0.301331483	0.00046763	0	0.094145856	0	0.06416533	0	0.00116781	0.150252886	0.022010281	0.107566355	0	0.014448852	0	0.047368583	0	0.064778242	0.235148573
TCGA-BR-4279-01A-01R-1131-13	0.028665597	0	0.091993264	0.06324358	0	0.131154955	0.071332183	0	0	0.029665793	0.011891355	0	0.032037026	0.141990392	0.041982885	0.150424481	0.04422171	0	0.035433317	0.04715081	0.008532274	0.070280377	1.611156655
TCGA-BR-A4CR-01A-11R-A24K-31	0.111870912	0	0	0.027897849	0	0.257824513	0	0.000360645	0.082065166	0	0.04056357	0	0	0.121139915	0.012737232	0.153745796	0	0.073569228	0	0.08394187	0.027039358	0.007243946	0.599660271
TCGA-BR-A4PF-01A-11R-A251-31	0.062283851	0	0.018686115	0.056400176	0	0.119597024	0.058149343	0.043911873	0.045468725	0.014982865	0	0.001669314	0	0.125408213	0.107546174	0.241157959	0.001955415	0	0.019620545	0	0.00869974	0.074462668	3.970834514
TCGA-CG-5722-01A-21R-1602-13	0.082590257	0	0.070901524	0.303391111	0	0.084195524	0.087508594	0.04846486	0.057613857	0	0	0.036271216	0.018898573	0.02377528	0.070421909	0.04942212	0.005225371	0	0.057882207	0	0	0.003437597	10.24666244
TCGA-CG-4306-01A-01R-1157-13	0.005354558	0	0.036318087	0.035515615	0	0.210319788	0.067649753	0.000908323	0.011937765	0	0.058072546	0	0.003906186	0.110780922	0.030635995	0.115605024	0.015007518	0.013935219	0	0.223793873	0	0.060258827	2.865213368
TCGA-BR-A4J7-01A-31R-A251-31	0.013550966	0	0.028471799	0.433940586	0	0.087450844	0.037521281	0.006638327	0.072821993	0.002848505	0	0.043799963	0.010699856	0.01367151	0.106475156	0.128130734	0.006357011	0	0.007621467	0	0	0	1.783954525
TCGA-BR-8081-01A-11R-2343-13	0.058427755	0	0.036002669	0.138899283	0	0.156344208	0.04904132	0.05080285	0.041340789	0	0	0.02009001	0.008408326	0.109034506	0.137211387	0.121079541	0.026085488	0	0	0.047231869	0	0	5.338367488
TCGA-HU-A4GJ-01A-11R-A251-31	0.097044831	0.216142471	0.098137518	0.120966349	0	0.152555136	0.023549233	0.048354426	0.08822516	0.026616786	0	0	0	0.05328112	0.008273027	0.029073295	0	0.022053626	0	0.015727022	0	0	1.403038269
TCGA-D7-A6EZ-01A-11R-A31P-31	0.036366405	0	0.021294732	0.171342248	0	0.015214024	0.106378676	0.011751211	0.032010421	0	0.030531411	0.017824246	0	0.202752465	0.115741236	0.151228557	0	0.026541376	0	0.058646155	0	0.002376835	5.213599857
TCGA-D7-6528-01A-11R-1802-13	0.081098058	0	0.023796594	0.00987043	0	0.140141194	0	0.016226514	0.058374199	0	0.012188257	0.024069823	0	0.293272787	0.069588813	0.051561312	0	0	0	0.21981202	0	0	3.010769231
TCGA-HU-A4G2-01A-11R-A251-31	0.084740489	0	7.41E-05	0.230967501	0	0.110802098	0.219221072	0	0.021182857	0	0	0.01020796	0	0.004581714	0.076726822	0.160161258	0.062867359	0.011344365	0.002558938	0	0	0.00456348	1.002256214
TCGA-VQ-A924-01A-11R-A414-31	0.015370118	0	0.00339612	0.155043478	0	0.160615769	0.132428226	0.042572903	0.02673061	0	0.01841344	0	0	0.148903888	0.08907376	0.165762704	0	0.024349451	0.015081715	0	0	0.002257818	4.529878081
TCGA-CG-4443-01A-01R-1157-13	0.092336953	0	0.011096119	0	0	0.176643524	0.005990156	0.000319169	0.060323429	0	0.063244996	0	0.043145457	0.13052378	0	0.356996083	0	0	0	0.059380335	0	0	0.138556381
TCGA-BR-7722-01A-31R-2203-13	0.024136163	0	0.032516512	0.076160053	0	0.262881964	0	0	0.089207739	0	0	0.061057917	0.005906992	0.061560958	0.025867114	0.101132586	0.079597652	0.002549927	0.177424424	0	0	0	0.430697393
TCGA-BR-A4J9-01A-12R-A251-31	0.091680704	0.094722595	0.127194637	0.058763827	0	0.249915015	0	0.016943845	0.081844293	0.021946434	0	0.028521871	0	0.035214713	0.056060032	0.093508689	0	0.01546625	0.028217094	0	0	0	0.401964508
TCGA-VQ-AA64-01A-11R-A414-31	0.117336911	0	0.050672464	0.097884764	0	0.218894415	0	0.03135197	0.09565769	0	0	0.047657602	0.002644584	0.097338235	0.121097792	0.073616954	0	0.008139308	0.037493295	0	0	0.000214014	0.330133016
TCGA-VQ-A922-01A-11R-A414-31	0.105647169	0	0.011391992	0.010682778	0	0.204650946	0	0.062010606	0.046286841	0	0.054478756	0	0	0.228047163	0.120109379	0.094423824	0	0	0	0.062270545	0	0	0.617965456
TCGA-D7-6521-01A-11R-1802-13	0.036094022	0.030386135	0.050656381	0.150444908	0	0.108540156	0.008528148	0.016214131	0.118712027	0	0.005341231	0	0.008284391	0.174388825	0.067343048	0.176042066	0.031159047	0	0.010054092	0.000826623	0.001237846	0.005746924	0.802854361
TCGA-HU-A4GT-01A-21R-A251-31	0.047128604	0	0.047284155	0.070948256	0	0.174788063	0.082146531	0.048885319	0.098922499	0	0.000609041	0	0	0.203552342	0.079715636	0.113655244	0.008925826	0	0.008422414	0	0	0.01501607	1.223566397
TCGA-BR-7723-01A-11R-2055-13	0.041257574	0	0.100711543	0.134099014	0	0.118585668	0.039877681	0.043750971	0.069033708	0	0	0.009607069	0	0.263163246	0.062291317	0.105204353	0	0	0.012417857	0	0	0	1.145115472
TCGA-R5-A805-01A-11R-A36D-31	0.00574589	0	0.007795248	0.007126981	0	0.192014197	0	0	0.055670492	0	0.009056884	0	0.021311633	0.157474846	0.019855202	0.111227791	0	0.060956362	0	0.127758179	0	0.224006296	2.273647928
TCGA-CG-4305-01A-01R-1157-13	0.075101565	0	0	0.092119207	0	0.12439037	0.168392545	0.004772409	0.01226219	0.076266136	0.003353334	0	0.000957022	0.025779025	0.12009023	0.23757111	0.009091783	0	0.043313306	0	0	0.006539768	2.695162693
TCGA-BR-6453-01A-11R-1802-13	0.146307589	0.129033289	0.049202107	0.14346434	0	0.056770079	0.019249365	0.01663297	0.123038876	0	0	0.03095362	0	0.081744985	0.005365001	0.094167721	0.031828163	0.028665544	0.043576353	0	0	0	0.677559897
TCGA-CD-5813-01A-11R-1602-13	0.087737669	0	0.074099423	0.201956478	0	0.082140438	0.010485234	0.023541449	0.080980385	0.010334057	0	0.05360704	0.030490003	0.035243958	0.085648877	0.134779752	0.062428187	0	0.02652705	0	0	0	0.976323771
TCGA-CD-8534-01A-11R-2343-13	0.076094222	0	0.041626103	0.08840118	0	0.149390959	0	0.006756024	0.100438991	0.007796823	0	0.025973622	0	0.095402904	0.10777088	0.204666519	0.01397689	0	0.081612708	0	0	9.22E-05	0.724484418
TCGA-VQ-AA6F-01A-31R-A414-31	0.077380956	0.071484662	0.164828754	0.089678788	0	0.147762803	0	0.027468094	0.077579415	0	0	0.047257735	0	0.063152279	0.124179378	0.028998051	0	0.003959081	0.076270004	0	0	0	0.924426699
TCGA-BR-8289-01A-11R-2343-13	0.04767362	0	0.047499081	0.044275858	0	0.190156786	0	0	0.040575278	0.015796697	0	0	0	0.305074484	0.064559344	0.159958162	0	0	0.08443069	0	0	0	0.504247749
TCGA-ZA-A8F6-01A-23R-A36D-31	0.028075934	0	0.002576184	0.003202184	0	0.058673677	0	0.010290274	0.041794538	0.007743898	0.012088303	0	0	0.593599381	0.004435085	0.152230267	0.001265424	0	0.084024852	0	0	0	0.909155068
TCGA-HU-A4GC-01A-12R-A251-31	0.099606735	0	0.082176351	0.160638122	0	0.171502688	0.046717362	0.00104572	0.080791779	0	0.015408964	0.00146683	0.004729646	0.005939075	0.103349448	0.127706757	0.052762946	0	0.044839476	0	0	0.0013181	0.541981934
TCGA-VQ-A928-01A-11R-A414-31	0.042372444	0	0.032300583	0.019490142	0	0.1439592	0	0.030585681	0.045692043	0	0.013076102	0	0	0.370475776	0.016913126	0.036254639	0	0.027531637	0	0.211943132	0.0015962	0.007809294	0.598802976
TCGA-CG-4304-01A-01R-1157-13	0.047951609	0	0.151684772	0.009393802	0	0.193720483	0.053376529	0.002469281	0	0.001990939	0.044228162	0	0	0.11674476	0.059765757	0.151444285	0.007925186	0.00461009	0	0.046026238	0	0.108668108	2.252819226
TCGA-HU-A4GP-01A-11R-A251-31	0.12156497	0	0	0.068216296	0	0.312748502	0.011327005	0.009508432	0.052756436	0	0	0.032460842	0.027697091	0.091943601	0.046059422	0.069406739	0.098970692	0	0.057339972	0	0	0	0.513092837
TCGA-3M-AB47-01A-22R-A414-31	0.057106097	0.008024873	0.146442424	0.068273869	0	0.407632236	0.00904868	0	0.058450828	0	0.015218653	0	0.001670458	0.069803254	0.019567303	0.107970628	0.009980201	0.008438912	0	0.012371585	0	0	1.070958946
TCGA-KB-A93J-01A-11R-A39E-31	0.039666564	0	0.041804627	0.070899349	0	0.106747166	0.016603776	0.025656797	0.089251756	0	0	0.031669984	0	0.166941432	0.127457255	0.216868355	0.029004243	0	0.037000221	0	0	0.000428474	2.843744265
TCGA-IN-A6RN-01A-12R-A33Y-31	0.055113197	0	0.098257918	0.03861814	0	0.311861721	0	0.012953298	0.057572223	0	0	0.060455582	0	0.095153388	0.064773624	0.098920247	0	0	0	0.106320661	0	0	1.310394338
TCGA-BR-7715-01A-11R-2055-13	0.052984433	0	0	0.047005337	0	0.176261061	0.014346352	0.034331333	0.022726354	0	0.006110268	0.000864399	0	0.46727616	0.059503391	0.098888508	0	0	0.019702405	0	0	0	0.632841171
TCGA-HF-7134-01A-11R-2055-13	0.016048753	0	0.189777667	0.0471544	0	0.191651012	0.006927374	0	0.054864104	0	0.048170577	0	0	0.200147701	0.030296022	0.116517687	0	0.024131231	0	0.038286313	0.002218699	0.033808459	1.088706691
TCGA-BR-8678-01A-11R-2402-13	0.016320756	0	0	0.142900249	0	0	0.045535308	0.05751563	0.004403402	0	0.066034079	0	0	0.385977409	0.186265622	0.064723521	0	0	0	0	0.030324025	0	4.11691827
TCGA-D7-A6EY-01A-21R-A31P-31	0.118395746	0.044751541	0	0.123950921	0	0.094134654	0.087151463	0.017812112	0.13753943	0	0	0.020067744	0	0.146969453	0.087051984	0.061540803	0.019302125	0	0.029490231	0	0	0.011841793	4.733130166
TCGA-IP-7968-01A-11R-2203-13	0.098211378	0	0.004617868	0.344253237	0	0.065989298	0.071945619	0.067841989	0.052678532	0	0.013303776	0.000505273	0.011779035	0.071132346	0.076715872	0.075732504	0.018989013	0.005906516	0.020388642	0	0	9.10E-06	1.811309063
TCGA-CG-4440-01A-01R-1157-13	0.002187956	0.008680356	0	0.011107791	0	0.212370947	0	0	0.004353719	0	0.04031678	0.068217255	0	0.090546455	0.101107508	0.187675628	0.010790384	0.00646615	0.089395191	0	0.030775617	0.13600826	0.79205809
TCGA-F1-6875-01A-11R-2055-13	0.019134554	0	0	0.056325181	0	0.024586888	0	0.060606051	0.139321135	0	0.089263037	0	0	0.443713226	0	0.036668615	0	0	0	0.124001294	0.00638002	0	1.598118639
TCGA-HU-8244-01A-11R-2343-13	0.08613123	0	0	0.077856532	0	0.276774387	0.062046266	0	0.106526441	0.001135477	0	0.00639878	0	0.130042931	0.033240609	0.186145573	0.004388091	0	0	0.017901477	0	0.011412204	0.318289692
TCGA-VQ-A91A-01A-11R-A414-31	0.007554269	0	0.019823572	0.005859185	0	0.177029161	0	0	0	0	0.042280137	0	0.007987753	0.30212448	0	0.143487133	0	0.098581754	0	0.154561287	0.005046706	0.035664562	1.948475743
TCGA-BR-8364-01A-11R-2343-13	0.051914448	0	0	0.122137113	0	0.21730691	0	0.000764789	0.070025555	0	0	0.03150458	0.006896396	0.057481753	0.044106513	0.222178982	0.070588467	0.003342694	0.101751799	0	0	0	0.592362269
TCGA-VQ-A8PE-01A-11R-A414-31	0.091141285	0	0.047872671	0.110543513	0	0.175188611	0.062842063	0.049366805	0.086073698	0	0.018089594	0	0	0.166680929	0.039663497	0.075446601	0	0.030080176	0	0.045002409	0	0.002008148	1.700836921
TCGA-FP-A8CX-01A-11R-A36D-31	0.006681441	0	0.187159087	0.08970973	0	0.17267627	0	0.010586082	0.110720133	0	0	0.038783121	0	0.170885254	0.055891524	0.10223395	0.013263523	0	0.035920809	0	0	0.005489078	1.106063712
TCGA-BR-4267-01A-01R-1131-13	0.033853592	0	0.042247956	0	0	0.281268867	0	0	0.022997457	0	0.034349284	0	0	0.13830853	0.035666322	0.161201392	0.012146185	0.017983543	0	0.127478882	0	0.092497989	2.280035916
TCGA-CG-5734-01A-11R-1602-13	0.008916686	0	0.151110576	0.080179631	0	0.116238617	0.04979795	0.027088908	0.062705648	0	0.041363385	0	0	0.220893239	0.059126039	0.092975062	0.024686886	0	0	0.043323023	0.021594349	0	2.111004662
TCGA-VQ-AA6A-01A-11R-A414-31	0.016847445	0	0.061441254	0.061190077	0	0.284667119	0	0.022105082	0.097551479	0	0	0.084671791	0	0.163663052	0.051174825	0.076333143	0.043797573	0	0.036557161	0	0	0	0.242749801
TCGA-BR-4187-01A-01R-1131-13	0.036779077	0	0.002695176	0.064093152	0	0.162118485	0.023269442	0	0.023239441	0.067111659	0	0	0.009148999	0	0.018990221	0.271423907	0.003954985	0.009296804	0.203844056	0	0.049284614	0.054749984	0.648115763
TCGA-D7-A4YU-01A-21R-A251-31	0.032287315	0	0.125247105	0.060730332	0	0.185444417	0.071758323	0.013181381	0.056939009	0.002493019	0.014900982	0	0	0.08930027	0.160321598	0.128120041	0.003267082	0.007612659	0.046323048	0	0	0.00207342	3.589341498
TCGA-VQ-A8PU-01A-12R-A414-31	0.028981171	0	0.009635085	0.033126355	0	0.449100255	0	0	0.058811496	0	0.007992986	0.045493809	0	0.093038574	0.01969432	0.10933691	0.035942465	0.010911845	0.03968534	0	0	0.058249388	0.155487552
TCGA-BR-6457-01A-21R-1802-13	0.023182508	0.048882112	0.0855705	0.158935562	0	0.161609346	0.026217531	0.001463108	0.090462866	0	0	0.045032894	0.01503332	0.031046866	0.08594228	0.067064501	0.053269969	0	0.106286636	0	0	0	0.475194649
TCGA-BR-8059-01A-11R-2343-13	0.028769025	0	0.159207706	0.076473791	0	0.14244154	0.068881393	0.023411562	0.044470443	0	0.023440878	0.00792909	0	0.181197665	0.071986063	0.117581095	0.008260186	0	0	0.036779594	0.005457876	0.003712092	0.506639348
TCGA-KB-A93G-01A-11R-A39E-31	0.025755172	0	0	0	0	0.200491701	0	0	0	0	0.050494611	0	0	0.278339564	0.009789793	0.059025785	0	0.032901676	0	0.241585893	0.01654465	0.085071156	3.270886342
TCGA-MX-A5UG-01A-21R-A31P-31	0.076681688	0.135793363	0.022707253	0.089816355	0	0.292953375	0.046790254	0	0.061456445	0	0.003300655	0	0.011887477	0.068395849	0.043037819	0.048064595	0.000563324	0	0.081617193	0	0	0.016934354	1.843470492
TCGA-BR-4363-01A-01R-1157-13	0.014362925	0	0.095465761	0	0	0.245327841	0.063344394	0.038889199	0.015083429	0.06245678	0	0	0	0.119365075	0.11719353	0.152084722	0.021250941	0	0.030532055	0	0.018556864	0.006086485	2.401126366
TCGA-CG-5718-01A-11R-1602-13	0.002646156	0	0.130593609	0.025353266	0	0.182903549	0	0	0.134409095	0	0.024379796	0	0	0.203082143	0.076191089	0.085040961	0.011190731	0	0	0.036083236	0	0.088126367	1.052602623
TCGA-CG-4438-01A-01R-1157-13	0.010929871	0	0	0.124032323	0	0.059218547	0.208711733	0.030440862	0.002370349	0.048765799	0	0.026779861	0	0.072319242	0.127602431	0.185374444	0.012602486	0	0.071168568	0	0.019683483	0	3.189558754
TCGA-CG-4475-01A-01R-1157-13	0.046922665	0	0.016410927	0	0	0.273472778	0	0	0	0	0.031171908	0	0.001996515	0.124014783	0.002167693	0.092926815	0	0.055557304	0	0.21595441	0.06003683	0.079367372	1.187189225
TCGA-VQ-A8PC-01A-11R-A39E-31	0.065361156	0.010670469	0.125672927	0.040349921	0	0.298593606	0.000461321	0	0.003606384	0	0.014789952	0	0.008492106	0	0.048804822	0.241334552	0.041951516	0.019580073	0.062873931	0	0	0.017457265	1.16538177
TCGA-CD-A48C-01A-11R-A24K-31	0.021800727	0	0.045507041	0.119442075	0	0.153112087	0	0.060271216	0.065530133	0	0	0.041487436	0	0.140718973	0.114848196	0.115342044	0.052477748	0	0	0.069462325	0	0	0.759329611
TCGA-HU-A4HD-01A-11R-A251-31	0.034903017	0	0.046388714	0.055126016	0	0.133340545	0.020449856	0.00779586	0.12273691	0	0	0.040394752	0	0.264035391	0.052460493	0.116286139	0.025268208	0	0.073636633	0	0	0.007177465	0.43264334
TCGA-MX-A663-01A-11R-A31P-31	0.104141289	0	0	0.059981222	0	0.193689577	0	0.030183947	0.042137452	0	0	0.027856258	0	0.202228551	0.089708998	0.117750247	0.005232637	0	0	0.127089822	0	0	0.614641691
TCGA-VQ-A8P2-01A-11R-A36D-31	0.085767074	0	0.032797526	0.080913508	0	0.313728795	0.050110451	0.03290882	0.061207987	0	0.026921665	0.003790989	0	0.106689564	0.037919066	0.148413969	0.007427795	0	0	0.011402792	0	0	0.982569832
TCGA-VQ-A8E3-01A-11R-A39E-31	0.064159713	0	0.074058744	0.19081981	0	0	0.106919708	0.04070871	0.091926698	0.048897948	0.088919984	0.002867178	0	0.023519453	0.035958696	0.068754053	0.010672472	0.109489687	0.037619078	0	0	0.004708067	9.741913144
TCGA-RD-A7C1-01A-11R-A32D-31	0.020397093	0	0.013031016	0.198784291	0	0.075346708	0.08931518	0.044011851	0.045673418	0	0	0.024295678	0	0.06599039	0.075971871	0.177015321	0.012474781	0.003197308	0	0.091680642	0	0.06281445	3.39240497
TCGA-SW-A7EB-01A-11R-A354-31	0.190057465	0	0.030210572	0.144953008	0	0.201049481	0	0.091198349	0.097854506	0	0	0.050111464	0.007061192	0.05722159	0.062901399	0.050746967	0.001924921	0	0.014709086	0	0	0	0.583990761
TCGA-D7-6815-01A-11R-1884-13	0.054656918	0	0.069447447	0.031727148	0	0.170932528	0.029662014	0.004730265	0.108479376	0	0.040369648	0	0	0.329629593	0.031520566	0.111156804	0	0.003921537	0	0.008560874	0	0.005205282	1.75998547
TCGA-BR-8484-01A-11R-2402-13	0.049037394	0	0.038181132	0.042638271	0	0.224500666	0.021847658	0.044521689	0.051434707	0.036028301	0	0.020942147	0	0.175861388	0.093250852	0.135293721	0.011536548	0	0.046652936	0	0.00827259	0	2.337826931
TCGA-D7-A4Z0-01A-22R-A251-31	0.115707597	0.055970749	0.005486829	0.039945694	0	0.235467934	0.001904405	0.016305505	0.079067317	0	0	0.012640353	0.025237563	0.091802569	0.023370534	0.037749357	0.072415351	0.057231665	0.098432428	0	0	0.031264151	1.403151795
TCGA-CG-5721-01A-11R-1602-13	0.004745755	0	0.017767774	0.298770578	0	8.50E-05	0.174002707	0.016098693	0.031699947	0.018553848	0.028075037	0.005784717	0	0.106896177	0.14981898	0.095706394	0.02793497	0.001311036	0.015394975	0	0.001999141	0.005354267	10.54336625
TCGA-BR-A4J5-01A-21R-A251-31	0.035405845	0	0.020626446	0.082886666	0	0.18995914	0.000907311	0.017300641	0.070494826	0	0	0.011427629	0	0.267811897	0.037265194	0.14436086	0	0	0.117192418	0	0	0.004361128	0.562402988
TCGA-BR-4361-01A-01R-1157-13	0.027686254	0	0.012989685	0.095660775	0	0.141422519	0.117435992	0.017700395	0.030976278	0.071653044	0	0	0	0.063719607	0.118710623	0.249164387	0.024066983	0	0.006286919	0.002947742	0.017535613	0.002043184	4.24905807
TCGA-BR-6456-01A-11R-1802-13	0.025686869	0	0	0.087985155	0	0.239263377	0	0.029068075	0.104618148	0	0	0.062316152	0.004050242	0.113067911	0.090249562	0.175634001	0.031396744	0	0.030328676	0.006335089	0	0	1.175140647
TCGA-BR-7196-01A-11R-2055-13	0.090368958	0	0.130486615	0.157731616	0	0.137182106	0.063761974	0.003082975	0.014640544	0	0.015578616	0.0129749	0.020395351	0	0.150039284	0.100524395	0.024974206	0	0.078258459	0	0	0	1.396832324
TCGA-CG-4469-01A-01R-1157-13	0.043874197	0	0.003899903	0	0	0.179018151	0.0129371	0.018594224	0.017162945	0	0.008041747	0.003611101	0	0.105986762	0.050428859	0.29474388	0.045018572	0.034419005	0	0.097416653	0	0.084846901	1.835859951
TCGA-D7-A6EV-01A-11R-A31P-31	0.070632023	0	0.060111115	0.036824315	0	0.263899773	0.020226139	0.044475278	0.056114655	0	0	0.026133891	0	0.144855478	0.030270404	0.11552479	0.02716864	0.035006071	0	0.053684025	0	0.015073403	0.278702805
TCGA-R5-A7ZE-01B-11R-A354-31	0.103973668	0	0.004996548	0.003621703	0	0.055472393	0.027295704	0	0.09284344	0	0.013225153	0	0	0.278058211	0	0.014073406	0.041741684	0.04305642	0	0.267505299	0	0.05413637	0.701781289
TCGA-VQ-A91U-01A-11R-A414-31	0.029320191	0	0.116095324	0.025349909	0	0.272621029	0.053863881	0.014820592	0.047756671	0.014334665	0	0.040544548	0	0.172328613	0.071191213	0.113766837	0.001840999	0.002382153	0.023783374	0	0	0	1.253494779
TCGA-ZQ-A9CR-01A-11R-A39E-31	0.00584938	0	0.163693538	0.134717289	0	0.067944809	0.14318524	0	0	0	0.055169108	0	0	0.133795916	0.106636289	0.094653098	0.011924744	0.014337315	0	0.041359972	0	0.026733302	2.283986188
TCGA-HU-A4GY-01A-21R-A24K-31	0.106331428	0.090095465	0	0.131351002	0	0.156218941	0.034281123	0	0.101461959	0	0	0.002422538	0	0.091747214	0.072169661	0.161367518	0.006860753	0	0.041257187	0	0	0.00443521	2.00873722
TCGA-BR-6452-01A-12R-1802-13	0.056188711	0	0.045938207	0.056176561	0	0.175473519	0.124079263	0.031389528	0.050215426	0	0.03164538	0	0	0.196213396	0.063733556	0.152178848	0.011123085	0	0	0.005644521	0	0	2.026604616
TCGA-HU-A4GD-01A-11R-A36D-31	0.171235928	0	0.060907	0.067106825	0	0.223572431	0.028544223	0	0.182109981	0	0	0	0.005753488	0.051989362	0	0.018470232	0.023436487	0.101934893	0	0.052017298	0	0.012921853	0.488963016
TCGA-RD-A8N2-01A-12R-A36D-31	0.068188671	0	0	0.180022156	0	0.202823053	0.024133827	0	0.064284809	0	0	0.019825176	0.026641619	0	0.025304606	0.218656893	0.060769836	0.029673576	0.079675779	0	0	0	0.399514766
TCGA-RD-A8N6-01A-11R-A36D-31	0.070882991	0	0	0.037186409	0	0.216617269	0	0.001579913	0.08133203	0	0	0.043950287	0	0.159250925	0.143253555	0.190456	0.009028893	0	0.046461727	0	0	0	0.365537466
TCGA-FP-8209-01A-11R-2343-13	0.124688461	0.064275372	0	0.150032526	0	0.25677425	0.034686837	0	0.091146542	0	0	0	0.018162616	0.059565789	0.048462429	0.072495225	0.002137871	0	0.07757208	0	0	0	1.243546486
TCGA-IN-AB1X-01A-11R-A39E-31	0.007445413	0	0.086964665	0.318815609	0	0.10934684	0.033891029	0.028839695	0.162330518	0	0.004040832	0	0	0.054391108	0.044439958	0.0611677	0	0.068547357	0	0.011552188	0	0.008227089	5.791131091
TCGA-BR-A44T-01A-32R-A24K-31	0.266559316	0.263071394	0	0.103179233	0	0.057981929	0.010945071	0.013225911	0.096543637	0	0	0.03623583	0	0.065390492	0.036538867	0.024276598	0	0	0.026051722	0	0	0	1.793465646
TCGA-VQ-A92D-01A-11R-A414-31	0.045020656	0	0.018555511	0.086585911	0	0.179717299	0	0.046037464	0.072543414	0	0	0.072469308	0	0.124058281	0.133103463	0.079196062	0	0	0	0.142712631	0	0	0.750909565
TCGA-BR-6454-01A-11R-1802-13	0.023882347	0	0.135728832	0.26689117	0	0.081632054	0.104840262	0.08115086	0.106960132	0	0	0	0.001224505	0.036189806	0.076133625	0.049565911	0.02571488	0	0.002122057	0	0	0.007963561	1.528909677
TCGA-VQ-A8PH-01A-12R-A414-31	0.056731989	0	0.145205804	0.143554931	0	0.262729168	0.012580976	0.081436189	0.083114632	0	0	0.057794899	0.007208239	0.051152846	0.041216288	0.010993007	0.02937706	0	0.007575773	0.009328199	0	0	0.543655301
TCGA-D7-A748-01A-12R-A32D-31	0.016183152	0	0.009715006	0.020674266	0	0.168946606	0	0.004751512	0.057623733	0	0	0.035050827	0.009516411	0.169364994	0.052977786	0.252415453	0.073833277	0.003105643	0.054408116	0	0.006774682	0.064658536	1.483916329
TCGA-BR-6705-01A-12R-1884-13	0.041468171	0.015181475	0.043741793	0.137102395	0	0.149493127	0.003495035	0.006934859	0.109650398	0	0	0.023859825	0.012947145	0.143634496	0.086630939	0.117753018	0.025433415	0	0.082673909	0	0	0	0.665416857
TCGA-BR-A44U-01A-11R-A36D-31	0.042468764	0	0	0.034335353	0	0.12905021	0	0	0.103131042	0	0	0.111738952	0	0.153509682	0.099339562	0.111727947	0.132714251	0	0.081984237	0	0	0	0.173468989
TCGA-BR-4366-01A-01R-1157-13	0.027569892	0	0.018231463	0.001622357	0	0.136012825	0.008085378	0.01702314	0.008723582	0.027895445	0	0	0	0.396215719	0.086707964	0.239902114	0	0	0.025321884	0	0	0.006688236	0.553611294
TCGA-BR-8384-01A-21R-2402-13	0.0693605	0	0.013798055	0.185553745	0	0.228258795	0.016308314	0	0.040034134	0.013212162	0	0.022376768	0.00721488	0	0.048842226	0.186510125	0.062335234	0.018138669	0.088056392	0	0	0	0.931465807
TCGA-BR-7716-01A-21R-2055-13	0.062210536	0	0.009403223	0.133591112	0	0.17238755	0.062797324	0	0.086908604	0	0	0.011708466	0.01202793	0.074713817	0.152953842	0.115362458	0.032239451	0	0.073695688	0	0	0	1.554864047
TCGA-RD-A8N9-01A-12R-A39E-31	0.052227963	0	0.119802889	0.06408273	0	0.193129193	0.017198875	0.027397946	0.066843164	0	0	0.008978505	0.000737753	0.074016839	0.09422818	0.132202883	0.016826904	0	0.132326173	0	0	0	1.537051238
TCGA-BR-8588-01A-11R-2402-13	0.091365858	0	0	0.210610472	0	0.046634532	0.017685482	0.042679669	0.066105834	0	0	0.042922609	0	0.124140133	0.06993882	0.095158227	0.034748341	0.000720651	0.110309472	0	0.007260631	0.039719269	1.458614008
TCGA-VQ-A8PJ-01A-11R-A414-31	0.060615055	0	0.030086612	0.03204104	0	0.337978354	0	0	0.108027536	0	0.001387147	0.013610472	0.005366226	0.218248087	0.056230175	0.069065074	0	0.025954055	0	0.03946259	0	0.001927575	0.286261473
TCGA-CG-5724-01A-11R-1602-13	0.004684428	0	0	0.118056788	0	0.097519631	0.068148876	0.002032722	0.070655417	0	0.022670481	0	0.023812924	0.138592755	0.101376454	0.210162371	0.000106144	0.014165966	0	0.102474764	0	0.025540279	1.534895861
TCGA-BR-8380-01A-11R-2343-13	0.070907097	0	0.058435258	0.117362293	0	0.153759268	0.003586578	0.039095425	0.03823201	0	0	0.011797113	0.019923327	0.106593648	0.075431921	0.157062464	0.042482393	0	0.105331205	0	0	0	0.394819154
TCGA-BR-8368-01A-11R-2343-13	0.021165645	0	0.078842116	0.150509594	0	0.254452685	0.082605846	0.05954542	0.108978642	0	0.017896547	0	0	0.051867725	0.047828908	0.096008575	0.024410494	0	0	0.005887803	0	0	0.901408706
TCGA-BR-8080-01A-11R-2343-13	0.003555616	0.065591363	0.041577819	0.14759291	0	0.208880693	0.000504885	0.000919483	0.108266739	0	0	0.036304137	0.007363216	0.098731524	0.062357315	0.106877543	0.03793668	0	0	0.041044396	0.02990374	0.002591943	1.387079641
TCGA-VQ-A94T-01A-11R-A414-31	0.071702264	0	0.029754364	0.00290608	0	0.261283407	0	0	0.080109468	0	0.120674013	0.03852464	0	0.20950412	0.003204334	0.11120566	0	0.00824436	0	0.038093353	0	0.024793939	2.588597726
TCGA-BR-6564-01A-12R-1884-13	0.049961866	0	0	0.21191046	0	0.241057103	0	0	0.102614307	0	0	0.035851757	0.016211286	0	0.098125891	0.149991864	0.010177264	0	0.084098201	0	0	0	0.582952916
TCGA-BR-8592-01A-11R-2402-13	0.132804656	0.021358773	0.089931895	0.087116926	0	0.310356738	0.0199651	0	0.044523164	0	0	0.018512256	0.008139756	0	0.029407815	0.180483179	0.012419769	0	0.044979973	0	0	0	0.620286294
TCGA-BR-7707-01A-11R-2055-13	0	0	0.048860416	0.093268438	0	0.108082264	0.119725853	0.033165261	0.055557961	0	0.099400836	0	0	0.075003553	0.092368804	0.10538852	0	0.03564214	0	0.108796545	0	0.024739409	3.635890836
TCGA-F1-6874-01A-11R-1884-13	0.033965303	0	0	0.009255552	0	0.145391705	0.05557345	0	0.028827163	0	0.074923714	0	0	0.414576236	0.055264111	0.048017149	0	0	0	0.094351458	0	0.039854158	2.007875506
TCGA-D7-8572-01A-11R-2343-13	0.035702074	0	0.027475238	0.03613844	0	0.124434638	0.002729045	0.048248804	0.054493983	0	0.019630213	0	0	0.429178393	0.048148224	0.089377268	0	0	0	0.076825772	0	0.007617908	2.796834521
TCGA-VQ-A8E0-01A-11R-A414-31	0.06531202	0	0.001611864	0.017680561	0	0.279402248	0	0.003026087	0.077255943	0	0	0.037183604	0	0.20328524	0.023996147	0.118752353	0	0.016148974	0	0.114832277	0	0.041512683	0.634592521
TCGA-D7-6524-01A-11R-1802-13	0.016041846	0	0	0.039160935	0	0.180795918	0	0	0.073357343	0	0.00975016	0	0	0.184891757	0.030881769	0.076480154	0.04287591	0	0	0.163012654	0.027757886	0.154993668	1.934564051
TCGA-VQ-A91K-01A-11R-A414-31	0.01040092	0	0	0.095463582	0	0.247768718	0	0.023974419	0.1327675	0	0	0.033078119	0.004575625	0.125205884	0.07888047	0.184935581	0.001970852	0.012162699	0.040547618	0	0	0.008268014	1.32192792
TCGA-BR-4370-01A-01R-1157-13	0.047316595	0	0.051172868	0.015692464	0	0.245309454	0.068049501	0	0.0024934	0	0.014049511	0	0	0.092576714	0.063855322	0.175866148	0	0	0	0.096144011	0.036602357	0.090871655	3.826967931
TCGA-R5-A7ZR-01A-11R-A354-31	0	0.002418326	0.22256501	0.038101078	0	0.215986524	0	0.031414264	0.090254684	0	0	0.022221855	0	0.105527208	0.055206934	0.153598361	0	0.013253587	0.039625923	0.009826247	0	0	0.486695233
TCGA-CD-5799-01A-11R-1602-13	0.03127783	0	0.049081289	0.059041556	0	0.126564196	0	0	0.037370915	0	0	0.071697049	0	0.248111676	0.060208095	0.21008732	0.00118232	0.014258375	0	0.066431504	0	0.024687875	0.322531481
TCGA-BR-8382-01A-11R-2402-13	0	0	0.06635892	0.060157694	0	0.121395513	0.139006706	0.003268751	0.028268313	0	0.030616871	0.073392161	0	0.133237564	0.165294679	0.104474289	0.023087634	0	0.015889624	0	0	0.035551279	2.901201806
TCGA-R5-A7ZF-01A-11R-A354-31	0.004965078	0	0.037735207	0.001001959	0	0.280602469	0.259078873	0	0	0	0.069102947	0	0	0.1752923	0.139364896	0	0.00266896	0	0	0.029362567	0.000824743	0	0.856523972
TCGA-IN-AB1V-01A-21R-A414-31	0.030658468	0.121435764	0.065694399	0.132458794	0	0.212961296	0	0.058494832	0.069418816	0	0	0.083033457	0.013260335	0.015679142	0.024882735	0.05826809	0.002358316	0.034647466	0.067823925	0	0	0.008924165	1.050273417
TCGA-FP-7916-01A-11R-2203-13	0.053118062	0	0.125122001	0.167739331	0	0.045609932	0.079774275	0.016399796	0.093728347	0	0.021522374	0	0.001564935	0.04566077	0.157196482	0.104497315	0.013182956	0.001641933	0.073241492	0	0	0	3.193080273
TCGA-D7-8579-01A-11R-2343-13	0.02876998	0.021675428	0.027239336	0.064441589	0	0.195490519	0	0	0.063976818	0	0	0.020656284	0.031043539	0.048671773	0.015858097	0.113941061	0.085234779	0.005129132	0.152886468	0	0.065086859	0.059898341	0.814283509
TCGA-IN-A7NU-01A-22R-A354-31	0	0	0.066412514	0.10253477	0	0.158375571	0.072600521	0	0.162925157	0	0.008340181	0.001760556	0.006905808	0.081797882	0.097484962	0.155256851	0.02786737	0.018598719	0.021634746	0	0	0.017504391	1.485545113
TCGA-BR-7851-01A-11R-2203-13	0.08693541	0	0.054040175	0.101875677	0	0.169670863	0.034064051	0.051044103	0.079982305	0	0.014984564	0.025591455	0.006928929	0.177569342	0.077273155	0.086029239	0.025413236	0	0.002731857	0	0	0.005865637	1.745908968
TCGA-FP-8210-01A-11R-2343-13	0.125231862	0.0964145	0	0.182888404	0	0.069172698	0	0.024781244	0.153997103	0	0	0.046173704	0.004669529	0.063820141	0.040479868	0.051388337	0.033876966	0.025371439	0.073960176	0	0	0.007774029	1.385532683
TCGA-BR-8295-01A-11R-2343-13	0.335812102	0	0.156650943	0.053887636	0	0.078072521	0	0.036621812	0.064056673	0	0	0.021587012	0.006075339	0.147494439	0.048452437	0.031495031	0.016764739	0	0.003029314	0	0	0	0.174532745
TCGA-HU-8602-01A-11R-2402-13	0.011038964	0	0.014105327	0.038150737	0	0.190882668	0.091155605	0.007584834	0.002459729	0	0.028791314	0	0	0.308892227	0.12343581	0.077845299	0	0	0	0.081800248	0	0.023857238	6.850649536
TCGA-VQ-A91Z-01A-11R-A414-31	0.090638235	0	0.019486574	0.030599548	0	0.165726045	0	0.091946932	0.087198803	0	0.050353259	0	0	0.31009103	0.038450551	0.06584609	0	0	0	0.049662932	0	0	0.081038249
TCGA-CD-8531-01A-11R-2343-13	0	0.343221686	0.164667619	0.047243233	0	0.034996147	0.030452011	0.04895207	0.029459003	0.005963774	0	0	0	0.036963964	0	0.111827101	0	0.113587977	0.026564734	0	0.001104185	0.004996496	0.50430848
TCGA-VQ-A8PX-01A-12R-A414-31	0.090967788	0	0.268375572	0.204648301	0	0.154986198	0	0	0.087782905	0	0	0.035881211	0.01140406	0.020792429	0.020671758	0.002830846	0	0.051862448	0	0.015054017	0	0.034742468	0.472924071
TCGA-BR-7959-01A-11R-2343-13	0.080524938	0	0.017047172	0.069415677	0	0.228953398	0.053774349	0	0.036696193	0	0.043538391	0	0.037656931	0.04574399	0.104166143	0.164791364	0.012166674	0.010328112	0.082753981	0	0	0.012442686	0.984580772
TCGA-HU-A4H3-01A-21R-A251-31	0.054706457	0	0.019398627	0.197366047	0	0.0698933	0.125766587	0.040556368	0.066283781	0	0.028349314	0	0	0.07764915	0.065337494	0.09590633	0	0.016421861	0	0.109929841	0.016308074	0.016126767	0.828526704
TCGA-CG-5717-01A-11R-1602-13	0.082673001	0	0	0.117908795	0	0.155117468	0.031938874	0.009298781	0.108523808	0	0.019415676	0	0.01855178	0.072057456	0.125025526	0.068691582	0.044105423	0.015839085	0.121673583	0	0	0.009179163	3.101209036
TCGA-D7-6520-01A-11R-1802-13	0.06676793	0	0.036169635	0.040470171	0	0.229110561	0.059389014	0.017346121	0.135679115	0	0.014843106	0	0.026502019	0.062096577	0.104184872	0.125501263	0	0.03566426	0.045995264	0	0	0.000280089	0.423901126
TCGA-BR-6803-01A-11R-1884-13	0.012923839	0.039637418	0.090084401	0.237396462	0	0.133490542	0.032642315	0.021136181	0.128284377	0	0.006901995	0	0.00298282	0.011531126	0.086100034	0.124644971	0.05464754	0	0.017595981	0	0	0	0.528313997
TCGA-VQ-A94O-01A-11R-A414-31	0.056477876	0	0.032119401	0.039317759	0	0.21237904	0.057708401	0.04204935	0.110484177	0	0.069763808	0	0	0.174886298	0.002497012	0.044860505	0	0.011926519	0	0.145529856	0	0	0.92387031
TCGA-HU-8610-01A-22R-2402-13	0.036154301	0	0	0	0	0.108126544	0.021914439	0.033063865	0.093327835	0	0.040175963	0	0	0.364642856	0	0.039480238	0	0.099650027	0	0.151477226	0.001589639	0.010397067	3.211811617
TCGA-HU-8249-01A-11R-A36D-31	0.089598722	0	0.01036398	0.069365101	0	0.120059781	0.09415943	0.028534145	0.060471078	0	0	0.037946934	0	0.152896641	0.035431753	0.05097829	0	0.020025643	0	0.226613138	0	0.003555364	2.048352359
TCGA-CD-8525-01A-11R-2343-13	0.071068828	0	0.122166147	0.160387337	0	0.017796283	0.059769117	0.024755858	0.054112017	0	0.008202898	0.024910744	0	0.216504711	0.128177412	0.078009835	0	0	0.022232566	0	0	0.011906248	0.665760765
TCGA-VQ-A8PO-01A-11R-A414-31	0.070133758	0	0.028374235	0.185254389	0	0.101105699	0.121284109	0.090347023	0.060600582	0	0.059699368	0	0.001981688	0.129925456	0.058697861	0.060322426	0.014107672	0.011571833	0	0.0065939	0	0	2.075272867
TCGA-VQ-A8PF-01A-11R-A414-31	0.045534756	0	0.076786312	0.234507409	0	0.063277785	0.106344743	0.041359622	0.04921829	0	0.015901366	0	0	0.021977017	0.119088087	0.141933735	0.022168426	0.030419977	0.03107962	0	0	0.000402855	3.077479832
TCGA-CG-5716-01A-21R-1802-13	0.024921093	0.074959504	0.368290061	0.06866877	0	0.190379243	0.005930948	0.019343391	0.064939712	0	0.014727908	0	0	0.026212818	0.008090353	0.029509294	0.026943037	0.015983129	0.032192209	0.008455487	0	0.020453043	0.627190389
TCGA-CD-5801-01A-11R-1602-13	0.072681637	0	0.056403669	0.395458051	0	0.002626655	0.17908819	0.022942346	0.030102005	0	0	0.016429641	0.009637872	0	0.077674055	0.077753194	0.03124639	0	0.022254012	0	0	0.005702283	1.398735696
TCGA-HU-A4GH-01A-11R-A24K-31	0.210981903	0	0.099165326	0	0	0.237579048	0	0	0.022641869	0	0.019408112	0.000811971	0	0.208704051	0.020982388	0	0.009549112	0.011733025	0	0.077906299	0	0.080536895	0.713919154
TCGA-BR-4253-01A-01R-1131-13	0.014937486	0	0.014720316	0.195781445	0	0	0.292259718	0	0	0.076720897	0.028380769	0	0	0.045905889	0.113022373	0.146004975	0.004274443	0.013734491	0.03916283	0	0	0.015094368	17.93757611
TCGA-HU-8608-01A-11R-2402-13	0.002484872	0	0.113518479	0.166854133	0	0.074337782	0.113196113	0.023524142	0.078293015	0	0.076266005	0	0	0.019559804	0.184881365	0.087975346	0.015627892	0.034995021	0.00813169	0	0	0.00035434	161.1671854
TCGA-CG-4466-01A-01R-1157-13	0.063910171	0	0	0	0	0.31701713	0.132288147	0.007034061	0	0	0.066673713	0	0	0.099417923	0.082256962	0.060286824	0	0.012302609	0	0.082570094	0	0.076242367	0.682163873
TCGA-VQ-A91Q-01A-12R-A414-31	0.129248428	0	0.175344328	0.002895923	0	0.247672087	0	0	0.080599789	0	0.005810203	0.003388029	0	0.103539597	0.102731497	0.07307521	0	0.057075193	0.018619716	0	0	0	0.919642585
TCGA-CG-4442-01A-01R-1157-13	0.070389863	0	0	0.060653935	0	0.161263709	0.181336001	0.003194659	0	0	0.035939648	0	0	0.098588041	0.096009058	0.143349972	0.003441509	0	0	0.026828827	0.017856514	0.101148265	1.653084613
TCGA-RD-A7BW-01A-11R-A32D-31	0.082847774	0	0	0.280346511	0	0.164618087	0.001271011	0.050592173	0.031717644	0	0	0.106035121	0.011485022	0	0.078826675	0.122094611	0.00610572	0	0.060391075	0	0.001150818	0.002517758	1.530831186
TCGA-F1-A72C-01A-21R-A33Y-31	0.049496062	0	0.119404501	0.159622313	0	0.114426119	0.001758128	0.04433583	0.073783028	0	0	0.09788913	0	0.086214342	0.085777972	0.123151704	0.003859355	0.007776697	0.030306317	0	0	0.002198504	0.957200905
TCGA-BR-7704-01A-11R-2055-13	0.0178485	0	0.051676531	0.19861453	0	0.16673571	0.045255158	0.036657418	0.103839486	0	0	0.069423732	0	0.085524955	0.103152622	0.090602031	0.024339019	0	0.006330307	0	0	0	1.829710091
TCGA-RD-A7BT-01A-11R-A33Y-31	0.050761517	0	0.054939784	0.090117941	0	0.307660456	0.005861732	0.066310709	0.100044644	0	0	0.04365073	0.002292744	0.014204643	0.057501324	0.093143478	0.076509629	0	0.015827974	0	0	0.021172695	0.299698265
TCGA-D7-6818-01A-11R-1884-13	0.024308743	0	0.044122318	0.018861975	0	0.0806047	0	0	0.004792178	0	0	0.010062635	0.055164258	0.134034768	0.030471525	0.427571332	0.027567336	0	0.041076234	0	0.025112598	0.076249399	0.778044213
TCGA-CD-8533-01A-11R-2343-13	0.084091918	0	0.062328575	0.061296081	0	0.137057174	0.081686929	0	0.09060977	0	0.010577515	0	0	0.07355594	0.056705529	0.147024093	0.168351654	0	0.02671482	0	0	0	0.241943159
TCGA-3M-AB46-01A-11R-A414-31	0.04644555	0	0.007309841	0.041866755	0	0.239342235	0	0.021058426	0.081663288	0	0	0.039146656	0	0.307692867	0.086305537	0.056858142	0.024304797	0.02011377	0	0.022738414	0	0.005153722	0.373488425
TCGA-F1-A448-01A-11R-A24K-31	0.052738174	0	0.081782022	0.00929448	0	0.173115455	0	0	0.025561848	0	0.028533051	0	0	0.288747353	0	0.070512703	0.001662682	0.002858613	0	0.219160491	0	0.046033129	1.483726165
TCGA-BR-4371-01A-01R-1157-13	0	0	0.006194541	0.020624867	0	0.333901065	0.055317376	0.008639356	0.059261634	0.013914276	0.005318714	0	0	0.132406461	0.129540166	0.128533873	0.037150248	0.005797811	0.048453865	0	0.012095138	0.002850608	1.737654222
TCGA-BR-8690-01A-11R-2402-13	0.003022061	0.000363053	0.085540776	0.26893638	0	0	0.114733054	0.001195949	0.09935921	0	0	0.026566937	0.00471101	0.125921524	0.075247073	0.137487488	0.010524783	0.000922983	0.045151776	0	0.000315943	0	1.242430214
TCGA-RD-A8NB-01A-12R-A39E-31	0.038322279	0.020526876	0	0.070968071	0	0.239640641	0	0.042644395	0.129364585	0	0	0.076360948	4.74E-05	0.04305834	0.151220516	0.070259202	0.028203377	0.004439214	0.069574602	0	0	0.015369584	3.60631477
TCGA-CD-8528-01A-11R-2343-13	0	0	0.025627166	0.089434954	0	0.194529115	0.021934504	0.021497855	0.008438298	0	0	0.082498957	0	0.182012743	0.020437026	0.202648434	0.048568494	0	0.014444763	0	0	0.087927691	0.961432837
TCGA-RD-A8MW-01A-11R-A36D-31	0.0023086	0	0.117019756	0.007580034	0	0.119252182	0.076402799	0	0.032459236	0	0.02912769	0	0	0.336211098	0.089099345	0.150025385	0.007320709	0	0	0.024959755	0	0.00823341	2.066549172
TCGA-RD-A8N4-01A-21R-A36D-31	0.119117075	0	0.030340826	0.145391197	0	0.26950188	0.015715232	0	0.077165249	0	0	0.012541253	0.010522683	0	0.0931588	0.143304291	0.008856589	0.010562836	0.06382209	0	0	0	0.96346328
TCGA-HU-A4G8-01A-11R-A251-31	0.088286634	0.012941819	0.058162413	0.096518192	0	0.156140708	0.109882197	0.063746905	0.025691126	0	0	0.004861721	0	0.146700656	0.114225324	0.103574429	0	0.014504363	0	0	0.004763514	0	4.643636722
TCGA-CG-4437-01A-01R-1802-13	0.059746035	0	0.057053356	0.159732334	0	0.111984821	0.094906046	0.027929212	0.033629047	0	0	0.050483101	0.008384101	0.028355819	0.077893992	0.190596947	0.01549038	0	0.035011545	0	0	0.048803264	2.350150957
TCGA-BR-8381-01A-11R-2402-13	0.022707268	0	0.137316513	0.290176211	0	0	0.100159731	0.055958372	0.10050297	0	0	0	0	0.097584419	0.068614198	0.105031069	0.015672316	9.12E-05	0.006185731	0	0	0	2.096315088
TCGA-D7-A747-01A-22R-A33Y-31	0.097805645	0.071100409	0	0.109379086	0	0.229059514	0	0.02252366	0.116984352	0	0	0.086267137	0.005110439	0	0.057588295	0.070502808	0.002533775	0	0.129762737	0	0	0.001382143	0.796216905
TCGA-BR-4357-01A-01R-1157-13	0.055150142	0	0.080766521	0	0	0.180668136	0.137913567	0.015425868	0	0.016392646	0.035688728	0	0	0.160230968	0.083513535	0.176201479	0.017115826	0	0.027288831	0	0	0.013643753	4.821060112
TCGA-FP-8631-01A-11R-2402-13	0.111410514	0	0.187176636	0.008235249	0	0.156243053	0	0	0.046558182	0	0	0.040510429	0	0.093365497	0.019834877	0.112279965	0	0.145404432	0.071350898	0	0	0.007630268	0.559847142
TCGA-FP-8211-01A-11R-2343-13	0.071952992	0	0.008733231	0.122019243	0	0.39486308	0.040991173	0	0.100604308	0	0	0.055018709	0.014265727	0.055469164	0.034847216	0.060452735	0.001324502	0.020284979	0.01917294	0	0	0	0.932297799
TCGA-BR-8373-01A-11R-2343-13	0.039281938	0	0.012662894	0.008700255	0	0.266474939	0.031638332	0	0.053169028	0	0.027085161	0	0.036267902	0.260593741	0.078234087	0.064806926	0.037508143	0.020538787	0.054379502	0	0	0.008658366	0.877933634
TCGA-HU-A4G3-01A-11R-A24K-31	0.005859184	0.001929126	0.036677962	0.03770493	0	0.202127854	0	0	0.047169722	0	0	0.140445501	0	0.175397011	0.020622967	0.094558381	0.002476124	0	0.213450451	0	0.000118235	0.02146255	0.274418349
TCGA-D7-5577-01A-01R-1602-13	0.05301907	0	0.005906418	0.258571032	0	0	0.10707693	0.043064855	0.08959577	0	0.029589599	0	0.002195099	0.070205332	0.142252211	0.178659265	0.010210582	0.000614333	0.006276371	0.002763134	0	0	3.870835825
TCGA-VQ-A8DV-01A-12R-A36D-31	0.138230098	0	0.018767095	0.098628947	0	0.153244125	0	0.030844033	0.011710325	0	0	0.007715496	0.010142919	0.268890601	0.092528383	0.049874026	0	0.019501863	0.055379942	0.00623572	0	0.038306427	0.321066152
TCGA-KB-A6F7-01A-12R-A32D-31	0.047117052	0	0.026512299	0.246821215	0	0.000313854	0.126519799	0.01617172	0.102540347	0	0.050964393	0.009646915	0.006761288	0.114146964	0.046518235	0.154176648	0.039888922	0.002067246	0	0.003024754	0	0.006808347	1.150397108
TCGA-RD-A8MV-01A-11R-A36D-31	0.043235836	0.012798257	0.054911617	0.095688457	0	0.160089161	0.090617209	0.040404439	0.079731466	0	0.03196028	0	0.013732093	0.087911411	0.113730907	0.069833421	0.011124134	0.017733389	0.030780292	0	0	0.045717632	2.175087298
TCGA-BR-6802-01A-11R-1884-13	0.046874935	0	0.03051388	0.241240285	0	0.010174397	0.154337036	0.045736174	0.096789354	0	0.09855357	0	0.001634445	0.053258339	0.037438845	0.064667302	0	0.100806318	0.009982307	0	0	0.007992813	8.198855847
TCGA-HF-7133-01A-11R-2055-13	0.077229703	0	0.019739006	0.023487228	0	0.231078939	0.014524443	0.021114723	0.037532521	0	0	0.012007149	0	0.228580967	0.049732437	0.218840859	0	0	0.037389873	0.004082492	0	0.024659659	2.874484358
TCGA-HF-A5NB-01A-11R-A31P-31	0.017902911	0	0	0.198501876	0	0.196691045	0.043252512	0.069299814	0.059508445	0	0	0.028369208	0.000196902	0.095381675	0.082480053	0.089444658	0.054843799	0	0	0.064127101	0	0	1.691561814
TCGA-RD-A8N1-01A-12R-A36D-31	0.050580026	0.03261901	0.072651098	0.158513971	0	0.232925665	0.02827619	0	0.120949911	0	0	0.013978607	0	0.101082709	0.065848722	0.094183738	0.012268383	0	0.011809837	0.000443169	0	0.003868964	2.022941789
TCGA-D7-8570-01A-11R-2343-13	0.015390737	0	0.075548393	0.094599521	0	0.108689379	0.054978923	0.038284113	0.049083286	0	0	0.080819995	0.001809452	0.181677692	0.0575478	0.129991478	0.063600412	0	0.044590094	0	0	0.003388724	3.847924175
TCGA-VQ-A94U-01A-12R-A414-31	0.051774054	0	0.032354349	0.050008948	0	0.2607116	0	0	0.063383792	0	0	0.075013706	0.012994284	0	0.050826478	0.24324349	0.071498669	0	0.08819063	0	0	0	0.444966081
TCGA-BR-A4IV-01A-31R-A251-31	0.021240595	0	0.059530612	0.068569552	0	0.269636687	0.011763106	0	0.087066795	0	0	0.022443981	0.014181225	0.036906301	0.033215727	0.234859195	0.025813731	0	0.091799473	0.013280224	0	0.009692796	0.62788748
TCGA-D7-6525-01A-11R-1802-13	0.039853454	0	0.006793489	0.085147854	0	0.158233608	0.042057023	0	0.094780881	0	0.02262341	0.028454316	0.003890358	0.139141003	0.035422826	0.24864582	0	0.026704123	0.045674195	0	0	0.022577641	1.824564252
TCGA-HU-A4H6-01A-11R-A251-31	0.168962258	0	0.172639884	0.036378246	0	0.11657397	0.022329858	0.034943556	0.051913214	0	0	0.047450199	0	0.077411263	0.065164704	0.026342173	0.0246434	0.006059291	0.087574392	0	0	0.061613593	0.894325665
TCGA-BR-8676-01A-11R-2402-13	0	0	0	0.336215567	0	0	0.172309751	0	0.074342442	0.053962044	0	0	3.46E-05	0	0.059934812	0.244772043	0.032306833	0	0	0	0	0.026121949	0.752027651
TCGA-D7-6519-01A-11R-1802-13	0.033445161	0	0	0.204634261	0	0.115092525	0	0.016155477	0.136544742	0	0	0.071755955	0.01324658	0.013158654	0.048564507	0.212279262	0.023149663	0	0.111973212	0	0	0	0.374645941
TCGA-VQ-A923-01A-11R-A414-31	0.067329102	0	0.03943267	0.163373685	0	0.233067603	0.051002991	0.052371716	0.063605435	0.022146081	0	0	0	0.072997944	0.126331969	0.031775078	0.035886254	0	0.040679471	0	0	0	3.131006494
TCGA-D7-8573-01A-11R-2343-13	0.088485568	0	0.072717535	0.042708525	0	0.296877532	0.063884891	0.028205666	0.054047468	0	0	0.015876913	0.004996947	0.110528414	0.07833895	0.089219922	0.00936041	0.019837285	0.002906794	0	0.008961526	0.013045654	0.908146151
TCGA-KB-A93H-01A-11R-A39E-31	0.000907389	0.004405826	0	0.008575949	0	0.312037895	0	0.068310084	0.125550083	0	0.044350157	0	0.025838349	0.185941203	0.098065143	0.026620381	0.009232817	0	0	0.088101653	0.00206307	0	0.720793796
TCGA-BR-A4J8-01A-11R-A251-31	0.049005009	0	0.015136809	0.031722225	0	0.256590337	0	0	0.06533449	0	0	0.103743898	0.000855314	0.156981383	0.105777505	0.09697462	0.009130006	0	0.108748404	0	0	0	0.524536526
TCGA-BR-8487-01A-11R-2402-13	0	0.001983916	0.074203335	0.072265087	0	0.187491999	0.083827549	0	0.05200738	0.011407099	0	0.018034154	0	0.169475687	0.105451033	0.180238382	0.010393621	0	0.033220757	0	0	0	1.400344588
TCGA-CD-8530-01A-11R-2343-13	0.042877094	0	0	0.068636116	0	0.204730373	0	0.007180213	0.116798564	0	0	0	0.0028969	0.050365447	0.02681618	0.182762673	0.129789669	0.022610914	0.02504798	0.119487877	0	0	1.029113063
TCGA-VQ-A927-01A-12R-A414-31	0.086508392	0	0.316823598	0.033389087	0	0.278981077	0	0	0.078290826	0	0	0.029591105	0.022628228	0.035573231	0.011136556	0.053826638	0	0.021883372	0.002200314	0.003794967	0	0.025372609	0.841265836
TCGA-IN-7806-01A-11R-2055-13	0.046150603	0.068948238	0.010348054	0.055275434	0	0.169060725	0	0.006480226	0.081756994	0	0.019755454	0	0	0.257653147	0.021424571	0.237081285	0	0	0.026065268	0	0	0	0.260490985
TCGA-BR-8077-01A-11R-2343-13	0.018168274	0	0.041505567	0.168746369	0	0.068093535	0.0568989	0	0.116645268	0	0	0.0592927	0.004122143	0.200861639	0.103204496	0.070596389	0.061510926	0.006109654	0.015968685	0	0.00447647	0.003798984	1.497530151
TCGA-CD-8532-01A-11R-2343-13	0.055958205	0	0.046999075	0.065866604	0	0.345067961	0	0.02636431	0.093844724	0	0	0.050012755	0	0.147135648	0.04749371	0.071036447	0.006921994	0.020856538	0.022365622	7.64E-05	0	0	1.421851765
TCGA-BR-8589-01A-11R-2402-13	0.016234886	0	0.022892888	0.373983335	0	0	0.15241272	0.069062339	0.012667851	0.026889491	0	0.008554306	0	0.036776236	0.09174939	0.085177542	0.059951981	0	0.043097008	0	0	0.000550028	2.865714054
TCGA-BR-4294-01A-01R-1131-13	0.008034885	0	0.041407508	0.108816783	0	0.171182063	0.048384711	0	0	0.008327396	0	0	0.096049574	0.026060027	0.022763941	0.154320491	0	0.0170583	0	0.030207263	0.211707619	0.055679439	0.850098955
TCGA-HU-A4GU-01A-11R-A251-31	0.048102321	0	0	0.108562418	0	0.285796245	0.023584589	0.026080391	0.070927927	0	0.032804147	0.008712508	0	0.169603974	0.048357789	0.112863575	0	0.000702155	0	0.060223074	0	0.003678886	0.623619701
TCGA-CG-5719-01A-11R-1602-13	0.005998763	0	0.091291815	0.027636712	0	0.117448248	0	0	0.07322099	0.012890715	0	0.041520017	0	0.440727556	0	0.136709004	0	0	0.029164011	0	0	0.023392169	0.511523008
TCGA-VQ-A91N-01A-11R-A414-31	0.08470827	0	0.170375141	0.103297435	0	0.23380468	0.046626004	0.021191561	0.080603623	0	0.012099169	0	0	0.064492506	0.03852586	0.040802597	0.050224586	0.020781361	0.02456421	0	0.007902996	0	0.669177794
TCGA-HU-A4H0-01A-11R-A251-31	0.029938618	0	0.044902577	0.194488353	0	0.163272386	0.115464157	0.060562563	0.022493665	0.037221251	0	0	0	0	0.151282044	0.138360306	0.008191944	0.006189648	0.027632488	0	0	0	11.05803887
TCGA-VQ-A8PQ-01A-11R-A414-31	0.117281847	0.161385099	0	0.10258277	0.12365779	0.178781615	0.021871441	0	0.133281639	0	0.016454227	0	0.007458005	0.061409323	0.034420516	0.02548384	0	0.006093445	0.009838443	0	0	0	2.016909824
TCGA-VQ-A94R-01A-11R-A414-31	0.092334942	0	0.026579	0.074989862	0	0.303118381	0.02139939	0.017314315	0.055640453	0	0.00727098	0	0.013976913	0.042297994	0.134370634	0.137016646	0.014476314	0	0.059214178	0	0	0	1.035253644
TCGA-BR-4368-01A-01R-1157-13	0.092910414	0	0	0.058574779	0	0.234576526	0.117030374	0.028528393	0	0.061831635	0	0.011138111	0	0.051960634	0.123661486	0.149843396	0.00677979	0	0.036119632	0	0.026786408	0.000258424	2.401949744
TCGA-SW-A7EA-01A-12R-A354-31	0	0.00028444	0.032341598	0.219388926	0	0.034445156	0.12095317	0.039004494	0.09385889	0	0	0.099490916	3.22E-05	0.023660244	0.141532779	0.066392027	0.02620583	0.065448509	0.027245834	0	0	0.009714985	11.04892903
TCGA-CD-5803-01A-11R-1602-13	0.018448416	0.04676182	0.001864695	0.261308542	0	0.139998379	0.058162126	0.012197551	0.141472465	0	0	0.003973994	0.00699435	0.038455858	0.078458309	0.088909888	0.062983888	0.017300507	0.022709213	0	0	0	2.217580703
TCGA-D7-8578-01A-21R-2343-13	0.07604974	0	0.057583552	0.144915174	0	0.170810164	0	0.016877423	0.094594317	0	0	0.070615762	0.004534254	0.042467531	0.042599363	0.206386028	0.015749422	0.01017495	0.04128307	0	0	0.005359249	1.053742982
TCGA-BR-8371-01A-11R-2343-13	0.320788973	0.018871371	0.006657663	0.107888688	0.031366744	0.179141769	0	0	0.113803005	0	0	0.02860152	0.011348714	0.044540305	0.018138355	0.049966135	0	0.037092331	0.031794428	0	0	0	0.538023203
TCGA-IN-A7NT-01A-21R-A354-31	0	0	0.028896204	0.020401718	0	0.121944805	0	0.019645591	0.033617005	0	0.003008829	0	0	0.264503772	0.047669924	0.031552789	0	0.123759356	0	0.281492206	0.006380884	0.017126915	2.295075664
TCGA-VQ-AA6J-01A-11R-A414-31	0.055920753	0.015661771	0	0.063927553	0	0.132669959	0.021792928	0.05083207	0.09833035	0	0.017565224	0	0	0.343182323	0.117799442	0.071040812	0.006630196	0	0.004646618	0	0	0	3.066929349
TCGA-VQ-A91S-01A-11R-A414-31	0.006714096	0	0	0.111615278	0	0.342862729	0.079954414	0.057723115	0.008937747	0	0.030358136	0	0.014531952	0.09877715	0.12523864	0.091622678	0.015472761	0	0	0	0.016191305	0	5.021206927
TCGA-CD-8524-01A-11R-2343-13	0.061979408	0	0.13577802	0.23007694	0	0.056177756	0.015291061	0.018165202	0.088134959	0.005675544	0	0.012796625	0	0.035898487	0.157524739	0.020984346	0.127074071	0	0.034442843	0	0	0	0.552091659
TCGA-CG-4476-01A-01R-1157-13	0.074068026	0	0.015715435	0.047709191	0	0.215208929	0.033818725	0	0.019263557	0.024803862	0	0	0	0.05388579	0.027516636	0.218156903	0.057153875	0.00053522	0.177409596	0	0.016913937	0.017840318	1.081403664
TCGA-HU-A4GQ-01A-11R-A36D-31	0.081781484	0	0.003220553	0.123423874	0	0.110710364	0.01402074	0.041384373	0.046248344	0.002746401	0	0.035054874	0	0.02510411	0.174149039	0.153730368	0.006061363	0.104013298	0.064211349	0	0.009114229	0.005025238	2.444151076
TCGA-HU-A4HB-01A-12R-A251-31	0.152250425	0.147849038	0.054202255	0.085135481	0	0.148574394	0	0.041769459	0.128640085	0	0	0.010178083	0	0.140549005	0.028427116	0.029992015	0	0	0.032432644	0	0	0	1.439013906
TCGA-RD-A8N5-01A-12R-A36D-31	0.023514144	0	0.001932617	0	0	0.178198407	0	0	0.008079998	0	0.06313005	0	0.055794684	0.249366597	0	0.138043003	0	0.02215343	0	0.130785369	0	0.129001701	0.863657132
TCGA-VQ-A91Y-01A-11R-A414-31	0.022828619	0	0.053356587	0.104808402	0	0.295412347	0	0	0.101293381	0	0	0.048164134	0.006498512	0.040364173	0.089878964	0.147343412	0.031020958	0.007059371	0.051971139	0	0	0	1.464910224
TCGA-BR-4257-01A-01R-1131-13	0.007331622	0	0	0	0	0.115189876	0.144532513	0.019973831	0.015850785	0.028640176	0	0.016284097	0	0.260097988	0.056350828	0.231321728	0.031907802	0	0.012729826	0	9.92E-05	0.059689706	1.696971013
TCGA-BR-8483-01A-31R-2402-13	0.099524071	0	0.057981274	0.074436439	0	0.152730633	0.003221017	0.031994504	0.035162813	0	0	0.007279699	0	0.320314595	0.131516861	0.067619695	0	0	0.018218399	0	0	0	0.344811455
TCGA-R5-A7O7-01A-11R-A33Y-31	0.014605973	0	0.082671981	0.075345784	0	0.373190767	0.047667652	0	0.072168234	0	0.061246592	0	0.000765704	0.018459181	0.053562235	0.00614896	0.001301394	0.032321777	0	0.128902218	0	0.031641547	1.484241263
TCGA-BR-8286-01A-12R-2343-13	0.00554597	0	0.003707613	0.17122766	0	0.092367862	0.044896548	0	0.107103135	0	0	0.037490224	0.008214335	0.118858551	0.063777355	0.153955266	0.077014226	0.00718263	0.012395215	0.093959735	0	0.002303677	0.875752321
TCGA-D7-5578-01A-01R-1602-13	0.020994424	0.024130277	0.206460391	0.124810064	0	0.113252597	0	0.003607411	0.020948336	0	0	0.059076058	0.036321331	0.125943208	0.10162215	0.067186194	0.049734484	0	0.027014855	0.01889822	0	0	1.15269793
TCGA-FP-8099-01A-11R-2343-13	0.032088138	0	0.062059779	0.018327171	0	0.183485074	0	0.004927526	0.060741461	0	0	0.060681843	0	0.237871009	0.109297237	0.146986623	0	0	0.082793043	0	0	0.000741097	0.806485971
TCGA-CG-5726-01A-11R-1602-13	0.00116781	0	0.038088599	0.097042558	0	0.256880471	0.101125835	0.005120317	0.016978687	0	0.013813792	0.009349377	0.013793076	0.149729574	0.06643284	0.120485666	0.063820418	0	0.004810798	0	0.028566049	0.012794131	0.565261383
TCGA-FP-7735-01A-11R-2055-13	0.031763325	0.011147623	0.053299705	0.14869501	0	0.133507021	0.017316755	0.0062959	0.12604774	0	0	0.048085993	0.013493699	0.163715769	0.085456391	0.105656883	0.002942792	0	0.052575395	0	0	0	0.390700138
TCGA-BR-8296-01A-11R-2343-13	0.128774087	0.08490771	0.064076524	0.126622594	0	0.198169802	0.037843735	0	0.112153624	0	0	0	0.003847085	0.066959909	0.053545769	0.050659657	0.00153979	0.032952592	0.037947122	0	0	0	0.930230507
TCGA-FP-A9TM-01A-11R-A39E-31	0.30165035	0.257033281	0.031944176	0.029937077	0	0.172068538	0	0.037417314	0.044316113	0	0	0.005533183	0	0.046995892	0.025868283	0.025710019	0	0.006469647	0.015056126	0	0	0	0.930038251
TCGA-CG-4477-01A-01R-1157-13	0.022137135	0	0.105314356	0.052176159	0	0.14301308	0.157640961	0	0.000728606	0.029070329	0.037339037	0	0	0.034017497	0.089797113	0.14411094	0.000823677	0.085161671	0.010789503	0	0.030396094	0.057483843	7.570145188
TCGA-VQ-A8PM-01A-21R-A414-31	0.011327512	0.068104437	0.261997877	0.073649852	0	0.214315437	0.01888417	0.017170556	0.080574179	0	0	0.010566859	3.78E-06	0.078504131	0.028385817	0.038312238	0.040339113	0.01955307	0.038310971	0	0	0	1.072589959
TCGA-VQ-A8DU-01A-11R-A36D-31	0.075246106	0	0.038546402	0.092895851	0	0.272896873	0	0	0.100873607	0	0	0.086897263	0.00545513	0.112367466	0.061503923	0.067292335	0	0	0.082160726	0	0	0.003864319	0.876254854
TCGA-IN-A6RR-01A-12R-A32D-31	0.077938061	0	0.128851682	0.179066775	0	0.225536129	0.066865075	0.002320076	0.006840317	0	0.078822438	0	0.025803488	0.005557874	0.044455905	0.068012761	0.01080511	0	0	0.079124307	0	0	0.38501829
TCGA-VQ-A8PB-01A-11R-A39E-31	0.047131432	0	0.080649321	0.082302518	0	0.141334178	0.035514127	0.051293994	0.011696251	0	0.001479252	0.017860064	0	0.275075004	0.040575436	0.075155764	0	0	0	0.120654624	0.000150067	0.019127968	0.975408821
TCGA-BR-4201-01A-01R-1131-13	0.026861706	0	0.053436122	0.023610191	0	0.193066994	0.044932489	0	0	0.016007411	0.025920078	0	0	0.119918995	0.058309587	0.200805526	0.008283923	0	0	0.081153811	0.061408056	0.086285112	4.283353571
TCGA-HF-7131-01A-11R-2055-13	0.02077761	0	0.040362814	0	0	0.452296435	0	0	0.018540215	0.005950171	0.053165473	0	0.012310927	0.074829371	0.0360939	0.098920987	0.005166847	0.033887991	0	0.085459586	0	0.062237674	1.890378755
TCGA-CD-8529-01A-11R-2343-13	0.086219062	0	0.06247444	0.111829796	0	0.150549329	0.01312053	0	0.104593343	0	0	0.030645445	0.008974963	0.129234402	0.089474838	0.14633819	0.022184739	0	0.044360922	0	0	0	1.399365486
TCGA-D7-8574-01A-13R-2343-13	0.013429057	0.340240658	0.003596239	0.163971259	0	0.11619061	0.001550635	0.002953144	0.106793258	0.012988294	0	0.052786909	0.008053763	0.043809769	0.026172436	0.07481868	0	0	0.032645289	0	0	0	1.031724303
TCGA-B7-A5TN-01A-21R-A31P-31	0.072483688	0	0.030344218	0.036584431	0	0.264314649	0.012318542	0.000391747	0.127488092	0	0	0.054840296	7.18E-05	0.041191473	0.062920465	0.19003715	0.048078002	0	0.052247905	0	0	0.006687509	0.947272255
TCGA-BR-7957-01A-11R-2203-13	0.077714832	0	0.004872664	0.055461827	0	0.181617555	0.012184191	0.052639554	0.050080525	0	0	0.02087176	0	0.161652419	0.067856192	0.126887128	0.011988751	0	0.15905027	0	0	0.017122333	0.664704118
TCGA-CG-5720-01A-11R-1602-13	0.002072847	0.009383117	0.037270113	0.10137139	0	0.145515638	0.023740427	0.011323707	0.075054115	0	0.032240939	0	0.023981625	0.195286929	0.06452838	0.12085869	0	0	0	0.075734584	0.007329938	0.074307559	1.454363025
TCGA-CD-5800-01A-11R-1602-13	0.133207263	0	0.046896726	0.100080471	0	0.178584206	0.027801989	0.022580312	0.042463743	0	0.016830619	0	0	0.311308347	0.036147875	0.058087175	0	0.026011274	0	0	0	0	0.16011129
TCGA-D7-A4YX-01A-11R-A251-31	0.038987375	0	0.026500679	0.24380554	0	0.062979601	0.147734672	0.047826089	0.022936536	0.04152368	0.007495479	0	0	0.026098272	0.166528151	0.108584027	0	0.013593173	0.041464569	0	0	0.003942157	5.882996963
TCGA-BR-8485-01A-11R-2402-13	0.051403626	0	0.080995672	0.267397383	0	0.165950073	0.065491131	0	0.056142735	0	0	0.031918035	0.011855665	0.122303401	0.028931178	0.063815895	0.003349731	0.006012618	0.044432858	0	0	0	1.097528624
TCGA-BR-6566-01A-11R-1802-13	0	0.000995924	0.041985426	0.101613325	0	0.144538022	0.023967441	0.016937821	0.091836055	0	0	0.06309447	0	0.228916997	0.081011703	0.162231331	0.032325111	0	0	0.00653156	0	0.004014816	1.399979206
TCGA-B7-A5TK-01A-12R-A36D-31	0.009157959	0	0.037488374	0.353757011	0	0	0.208376081	0.012180852	0.004316539	0.010662026	0	0.02155421	0	0.02512645	0.133242425	0.085418553	0.013196601	0.030672644	0.052168932	0	0	0.002681341	21.43240023
TCGA-BR-7197-01A-11R-2203-13	0.081105333	0	0.055830053	0.047108992	0	0.155590678	0	0	0.065575011	0	0	0.009492707	0	0.370742382	0.087569013	0.102610586	0.002408162	0	0.021967081	0	0	0	0.120920656
TCGA-VQ-AA69-01A-11R-A414-31	0.053752587	0	0.01643887	0.202702914	0	0.056980372	0.164776108	0.045669344	0	0	0.091262655	0	0.027776118	0.04955304	0.08716969	0.15348578	0.018941736	0	0	0.009917114	0.021106389	0.000467281	2.501976741
TCGA-D7-6527-01A-11R-1802-13	0.063237823	0	0.246295636	0	0	0.156918584	0.000766394	0	0.040272104	0.02790497	0.008996248	0	0.024893752	0.238215618	0.101876353	0.032963782	0.005851963	0	0.019204306	0.028593013	0	0.004009455	0.464029372
TCGA-VQ-AA68-01A-11R-A414-31	0.138999744	0	0.033969996	0.087322637	0	0.176456723	0.039250546	0.015741746	0.14247923	0	0	0.02052418	0	0.104729408	0.051492338	0.072805847	0.002996728	0.020116992	0.093113885	0	0	0	1.248534765
TCGA-BR-4280-01A-01R-1131-13	0.016076988	0	0.081494812	0.064825973	0	0.133141595	0.191309893	0	0.009512891	0.031353153	0.009288458	0	0.000362836	0.077009669	0.085909928	0.213641746	0.023202283	0	0	0.057532449	0.005337327	0	2.569719252
TCGA-CD-A4MH-01A-11R-A251-31	0.01414997	0	0.168657232	0.087537935	0	0.153915941	0	0.09375244	0.072852953	0	0	0.04818762	0	0.001125976	0.10723072	0.076043462	0.121712337	0	0.04057953	0	0	0.014253886	1.062059287
TCGA-CD-8527-01A-11R-2343-13	0.058849711	0	0.052962029	0.22730137	0	0.056464797	0.06009221	0.052850082	0.077839784	0	0	0.080545053	0.004522115	0.065043671	0.049711336	0.109878152	0	0.059022203	0.038300222	0	0	0.006617263	0.394026633
TCGA-EQ-8122-01A-11R-2343-13	0.083610657	0	0	0.030512739	0	0.037542386	0	0	0.045111433	0	0	0.006076924	0	0.392161554	0.022486022	0.235104418	0	0.072496152	0.026951155	0	0	0.04794656	0.566298123
TCGA-BR-8687-01A-11R-2402-13	0.038336314	0	0.021859949	0.019185854	0	0.366832006	0.003934204	0	0.026432048	0	0	0.025067948	0.003103338	0.035109816	0.072934944	0.198321243	0.127651976	0	0.06123036	0	0	0	0.247295501
TCGA-VQ-AA6G-01A-11R-A414-31	0.094222262	0	0.095742723	0.000849102	0	0.263561575	0	0	0.073874985	0	0.024361807	0	0	0.23541651	0.010816568	0.056425503	0	0.070942181	0	0.061436475	0	0.01235031	2.101124282
TCGA-CD-A4MG-01A-11R-A251-31	0.124530942	0	0.025909236	0.038655848	0	0.193574484	0	0.015321234	0.046018812	0	0	0.014180648	0	0.159096247	0.083705882	0.193793805	0.07296807	0	0.009027205	9.79E-05	0	0.023119641	0.801067523
TCGA-B7-A5TJ-01A-11R-A31P-31	0.043080772	0	0.019040466	0.030467249	0	0.198522546	0	0	0.049197467	0	0.005382966	0.010076436	0	0.458087168	0.042739837	0.116337339	0	0	0.027067753	0	0	0	0.285752262
TCGA-CD-A489-01A-11R-A24K-31	0.129609691	6.08E-05	0.00890056	0.133962609	0	0.275207925	0.01965588	0.003009679	0.046080711	0	0	0.033795969	0.012559677	0.012349001	0.0509882	0.155174918	0.06598123	0	0.050646688	0	0.00026566	0.001750825	1.041171714
TCGA-BR-8680-01A-11R-2402-13	0.044899336	0.003812312	0.033102668	0.159480694	0	0.127590921	0.006233506	0.060765726	0.063081823	0	0.031749452	0	0	0.201646184	0.044531825	0.115449742	0.015836164	0	0	0.06453012	0.027289527	0	0.221455395
TCGA-D7-8576-01A-11R-2343-13	0.034536106	0	0.064226803	0.02551383	0	0.168807051	0.000956477	0.026128605	0.038873336	0	0.00100319	0.005997001	0	0.111154103	0.048609891	0.269077938	0.066863432	0.008495029	0.104283853	0	0	0.025473355	0.726070097
TCGA-BR-6710-01A-11R-1884-13	0	0	0.300561455	0.202125228	0	0.152742496	0	0	0.077295874	0	0	0.024080222	0.00696077	0	0.023379696	0.044066844	0	0.005109544	0.163127383	0	0	0.000550487	0.422917594
TCGA-BR-8284-01A-11R-2343-13	0.062405362	0	0.025404917	0.345138601	0	0.123498071	0.065688115	0.006343146	0.049744841	0.012423196	0	0.025307562	0	0.050534715	0.060139951	0.13012512	0.000787346	0	0.039151454	0	0	0.003307603	1.41222609
TCGA-CG-5723-01A-11R-1602-13	0	0	0.11971393	0.177617851	0	0.019817437	0.191280419	0.030512184	0	0	0.003794209	0.031690798	0.016965058	0.018866797	0.104111511	0.114029824	0.031567819	0.043869648	0	0.067447102	0	0.028715413	4.996325002
TCGA-BR-8590-01A-11R-2402-13	0.049911638	0	0.037536086	0.096328149	0	0.254369561	0.011595165	0.003041362	0.076538706	0	0	0.020410003	0.000368656	0.081486151	0.066884691	0.207809914	0.008085386	0.008877462	0.07675707	0	0	0	1.107834385
TCGA-HU-A4GX-01A-12R-A251-31	0.015637538	0	0.113487475	0.384892222	0	0	0.185533599	0.014112536	0.033842642	0.006183777	0	0	0	0	0.140035586	0.066059831	0.015328904	0	0.023157075	0	0	0.001728814	2.033507157
TCGA-CG-4465-01A-01R-1157-13	0.037623622	0	0.01139012	0.046410297	0	0.144428441	0.05293816	0.00365954	0.058079994	0	0.013711032	0	0	0.079264378	0.122923622	0.326409232	0.018811815	0	4.31E-05	0.021370786	0	0.062935814	2.082370938
TCGA-BR-8677-01A-11R-2402-13	0.012964197	0	0	0.321302305	0	0.031449291	0	0.068221481	0.094453765	0	0	0.087450194	0.019999303	0.035685744	0.207766515	0.053989155	0.020416707	0	0.046301343	0	0	0	3.263502571
TCGA-BR-8365-01A-21R-2343-13	0.081860137	0	0.08212394	0.150403724	0	0.288971586	0	0.01132921	0.044924322	0	0	0.036726636	0.017553215	0	0.054362788	0.136960163	0.022748276	0.007397663	0.064638342	0	0	0	1.166229649
TCGA-CG-5725-01A-11R-1602-13	0.07933184	0	0.098376774	0.234646326	0	0.011988178	0.01178085	0.016149655	0.090151618	0	0	0.018512438	0	0.234566687	0.07615865	0.092443807	0	0	0	0.035893177	0	0	0.357507954
TCGA-D7-8575-01A-11R-2343-13	0.002091725	0.020444054	0.033977358	0	0	0.154359226	0	0.020492085	0.040734805	0.010375102	0.005249995	0.001796391	0	0.574386642	0	0.064189752	0	0.007860876	0	0.058691089	0.002357168	0.002993731	1.634555555
TCGA-BR-A4QL-01A-31R-A251-31	0	0.010990645	0	0.104916801	0	0.303290048	0.066903956	0	0.109098804	0	0	0.134020012	0.005727554	0.093315084	0.05500579	0.089911918	0.026819386	0	0	0	0	0	0.670675127
TCGA-HU-A4H2-01A-11R-A251-31	0.02413702	0.012412967	0.070465023	0.195357482	0	0.115923815	0.064274929	0.024378825	0.109432028	0	0	0.031037732	0.009622432	0.083837182	0.088001612	0.056841718	0.05531257	0.010145146	0.044260725	0	0	0.004558795	0.839995361
TCGA-BR-8060-01A-11R-2343-13	0.003522746	0	0.13790698	0.018890822	0	0.105566924	0.009341106	0.027729549	0.007970153	0.007222982	0	0.070415042	0	0.218564796	0.090457128	0.137300256	0.048248014	0	0	0.096324828	0.020538675	0	2.635564148
TCGA-VQ-A91V-01A-11R-A414-31	0.115820348	0	0.061030822	0.10647484	0	0.302222607	0	0	0.02772267	0	0.014475682	0.02384277	0.011108902	0.03767674	0.044011165	0.13586979	0	0.045204811	0.046527271	0	0	0.028011582	0.448028223
TCGA-BR-7958-01A-21R-2343-13	0.010216824	0	0.025701474	0.314810689	0	0	0.201399506	0.00912603	0.046261937	0	0	0.047085329	0.001410442	0.040921694	0.114797456	0.073945541	0.03105585	0.036972949	0.045359419	0	0	0.000934859	5.352589137
TCGA-CD-A48A-01A-12R-A36D-31	0.038338736	0	0.057199214	0.076600493	0	0.157795189	0.006197052	0.044996318	0.024538735	0	0	0.039936788	0.001648773	0.226989163	0.034557673	0.258107663	0.007558391	0.007625378	0.01653052	0	0.000819651	0.000560263	8.310657727
TCGA-BR-4369-01A-01R-1157-13	0.013644126	0	0.142125527	0.037332769	0	0.295212979	0.053729269	0.000460683	0.035423699	0	0.051039629	0	0.009705714	0.001173607	0.039730957	0.113023979	0.160268196	0	0	0.024392239	0.022736627	0	1.038715074
TCGA-FP-7998-01A-11R-2203-13	0.049260096	0	0.047790302	0.25921576	0	0.028707739	0.095662686	0.010595355	0.067638675	0	0.065664723	0	0	0.140931981	0.117628477	0.083466029	0.003975719	0	0.029462458	0	0	0	28.50556542
TCGA-HF-7132-01A-11R-2055-13	0.011242456	0.070682483	0.087456515	0.154481788	0	0.173531778	0.038625489	0.032028099	0.097920359	0	0	0	0	0.106711927	0.070743713	0.053213264	0.064309861	0	0.024724453	0	0.009663646	0.004664169	2.021403765
TCGA-HU-8604-01A-11R-2402-13	0.003988795	0	0.062417347	0.115359088	0	0.109703616	0.187295588	0.023993524	0.017009251	0	0.069534469	0	0	0.26356853	0.066956267	0.066906454	0.00338764	0	0	0.00987943	0	0	98.26264307
TCGA-BR-6801-01A-11R-1884-13	0.025875307	0	0	0.043131232	0	0.298660651	0	0.006917757	0.070792218	0	0.024698674	0	0.002418525	0.291848031	0.046573198	0.154228204	0	0.008953784	0	0.020081375	0.005821044	0	0.538662115
