gene	TMEI	TMEII	TMEIII	TMEIV
ARID1A	-13.93728223	-4.181184669	-4.181184669	-2.787456446
PIK3CA	8.710801394	1.393728223	2.090592334	2.090592334
BRD3	3.832752613	0	0.348432056	0.696864111
KMT2E	3.832752613	0	1.742160279	0.696864111
TP53	-9.407665505	-17.42160279	-9.407665505	-10.10452962
CDHR2	3.484320557	0	0.348432056	1.742160279
LRRC4B	3.484320557	0	0.696864111	0.696864111
ANK3	6.271777003	1.393728223	3.484320557	1.045296167
DIP2C	4.181184669	0.348432056	1.393728223	0.348432056
SAMD9L	3.135888502	0	2.090592334	0.696864111
TBC1D4	3.135888502	0	0.348432056	1.742160279
ABCB4	3.832752613	0.348432056	0.348432056	1.742160279
MTCL1	3.832752613	0.348432056	0.696864111	0.348432056
LRP1	4.529616725	0.696864111	1.393728223	1.045296167
PLEC	6.271777003	1.742160279	3.135888502	1.742160279
NCOA7	2.787456446	0	0	0
PCDHB2	2.787456446	0	1.742160279	0.696864111
AHNAK2	6.620209059	2.090592334	3.135888502	1.742160279
DNAH2	4.87804878	1.045296167	2.090592334	0.696864111
ZNF292	4.87804878	1.045296167	0.696864111	1.045296167
SOGA3	3.484320557	0.348432056	1.045296167	0.348432056
TSHZ2	3.484320557	0.348432056	0.696864111	1.393728223
YLPM1	3.484320557	0.348432056	0.696864111	0.696864111
CHD6	4.181184669	0.696864111	1.742160279	1.045296167
ZBTB20	-4.181184669	-0.696864111	-2.090592334	-1.045296167
CAMTA2	2.43902439	0	1.045296167	0.696864111
CDH7	2.43902439	0	0.696864111	0.696864111
DDX58	2.43902439	0	0	1.045296167
GRXCR1	2.43902439	0	0	0.348432056
ITSN2	2.43902439	0	1.742160279	0
MAN2B2	2.43902439	0	1.045296167	0.348432056
PKDREJ	2.43902439	0	0.348432056	1.393728223
SMTN	0	2.43902439	#N/A	#N/A
TGFBR3	2.43902439	0	0.348432056	0.348432056
THSD1	2.43902439	0	1.393728223	0.696864111
ZNRF3	-2.43902439	0	-0.696864111	-0.348432056
DMD	6.271777003	2.090592334	4.529616725	2.43902439
KMT2D	-6.271777003	-2.090592334	-3.484320557	-2.43902439
NRXN3	4.529616725	1.045296167	1.045296167	1.393728223
WDFY3	4.529616725	1.045296167	1.742160279	1.742160279
SYNE2	7.665505226	3.135888502	1.742160279	1.045296167
ABCA2	3.832752613	0.696864111	1.045296167	0.696864111
ADCY8	3.832752613	0.696864111	1.393728223	0.696864111
ATM	-3.832752613	-0.696864111	-2.090592334	-1.393728223
BCOR	-3.832752613	-0.696864111	-1.393728223	-0.348432056
CREBBP	-3.832752613	-0.696864111	-2.787456446	-1.393728223
DOCK3	3.832752613	0.696864111	3.135888502	1.045296167
FREM1	3.832752613	0.696864111	0.696864111	0.696864111
XYLT2	3.832752613	0.696864111	1.393728223	1.045296167
CACNA1S	3.135888502	0.348432056	0.696864111	1.045296167
DHX9	3.135888502	0.348432056	0.348432056	0.348432056
E2F7	3.135888502	0.348432056	1.045296167	0.348432056
EIF4G1	3.135888502	0.348432056	1.742160279	0.348432056
EP300	-3.135888502	-0.348432056	-1.393728223	-0.696864111
EP400	3.135888502	0.348432056	0.696864111	1.393728223
LAMB4	3.135888502	0.348432056	1.742160279	0.696864111
LRRN3	3.135888502	0.348432056	2.090592334	0.348432056
NLGN4X	3.135888502	0.348432056	2.090592334	1.393728223
NOTCH4	-3.135888502	-0.348432056	-1.393728223	-1.045296167
NPAT	3.135888502	0.348432056	1.393728223	0
PITPNM3	3.135888502	0.348432056	0.696864111	0.696864111
ABCC9	4.87804878	1.393728223	3.135888502	0.348432056
ADGRB3	1.393728223	4.87804878	3.484320557	2.090592334
GLI3	4.87804878	1.393728223	2.787456446	3.135888502
TG	5.923344948	2.090592334	2.43902439	2.43902439
COL7A1	4.181184669	1.045296167	2.090592334	0.348432056
IGSF10	4.181184669	1.045296167	1.393728223	2.43902439
KCNB2	4.181184669	1.045296167	1.045296167	0.348432056
PRKDC	4.181184669	1.045296167	2.43902439	0.696864111
ACTN4	2.090592334	0	0.348432056	0.348432056
ADAR	2.090592334	0	0.348432056	0
ARHGEF10L	2.090592334	0	1.045296167	0.348432056
BAHD1	2.090592334	0	0.696864111	0.348432056
BCAN	2.090592334	0	0.348432056	0.348432056
C10orf90	2.090592334	0	0.696864111	0.348432056
CCNB3	2.090592334	0	1.393728223	2.090592334
CEP126	2.090592334	0	0.696864111	0.348432056
CNNM1	2.090592334	0	0.348432056	0.696864111
CPSF1	2.090592334	0	1.045296167	0.696864111
CTTN	2.090592334	0	0.348432056	0
DGKE	2.090592334	0	0	0.696864111
DIS3L2	2.090592334	0	0.696864111	0
DPP3	2.090592334	0	0.348432056	0
EEA1	2.090592334	0	0.348432056	1.045296167
ERC2	2.090592334	0	0.696864111	1.045296167
FILIP1L	2.090592334	0	1.045296167	0.348432056
FLT4	2.090592334	0	1.045296167	0.696864111
GALNT2	2.090592334	0	0	0
GPRASP2	2.090592334	0	0.348432056	0.348432056
HIPK4	2.090592334	0	0	0.348432056
INPPL1	-2.090592334	0	-1.393728223	-0.348432056
IREB2	2.090592334	0	0.696864111	0.348432056
KCNF1	2.090592334	0	0	0.348432056
KIF22	2.090592334	0	0.348432056	0
LARGE	2.090592334	0	1.045296167	0
MFSD6	2.090592334	0	0.348432056	0
MYOCD	2.090592334	0	1.045296167	0.696864111
NOX5	2.090592334	0	1.045296167	1.045296167
PARP1	2.090592334	0	0.696864111	0.348432056
PARP10	2.090592334	0	0.696864111	0
PCDHGA10	2.090592334	0	0	0.348432056
PDCD11	2.090592334	0	0.696864111	1.393728223
PIK3R2	2.090592334	0	0	0.348432056
PKN2	2.090592334	0	1.393728223	1.393728223
PTGFRN	2.090592334	0	0	0
RASAL1	2.090592334	0	0.348432056	0.348432056
SMC2	2.090592334	0	1.393728223	0.696864111
SVIL	2.090592334	0	1.045296167	0.696864111
UBR3	2.090592334	0	0.696864111	0
VCAN	0	2.090592334	3.135888502	1.742160279
VPS16	2.090592334	0	0	0.348432056
ZMIZ2	2.090592334	0	0	0.348432056
ZSCAN18	2.090592334	0	0.696864111	0.348432056
ABCA12	5.226480836	1.742160279	2.090592334	1.742160279
RNF213	5.226480836	1.742160279	2.787456446	2.090592334
COL1A2	3.484320557	0.696864111	1.742160279	0.348432056
CUX1	3.484320557	0.696864111	1.045296167	0.696864111
FBXW7	-3.484320557	-0.696864111	-2.090592334	-1.045296167
HIVEP1	3.484320557	0.696864111	1.742160279	0.696864111
PXDNL	3.484320557	0.696864111	2.43902439	2.43902439
SPEG	3.484320557	0.696864111	1.742160279	0.348432056
ACACA	2.787456446	0.348432056	1.393728223	0.348432056
BTBD7	2.787456446	0.348432056	1.045296167	0.348432056
CAD	2.787456446	0.348432056	1.393728223	0.696864111
CHD9	2.787456446	0.348432056	1.393728223	1.045296167
DISP1	2.787456446	0.348432056	0.696864111	0
EIF5B	2.787456446	0.348432056	2.090592334	0.696864111
IFT140	2.787456446	0.348432056	0.696864111	0
MLLT4	2.787456446	0.348432056	1.393728223	0.348432056
MTOR	2.787456446	0.348432056	1.045296167	1.045296167
PCDHB1	2.787456446	0.348432056	0	0.696864111
SCN7A	2.787456446	0.348432056	1.393728223	0.348432056
SETD1A	2.787456446	0.348432056	0.696864111	0.348432056
ZC3H4	2.787456446	0.348432056	1.045296167	1.045296167
RYR1	5.574912892	2.090592334	3.484320557	2.787456446
CDH8	4.529616725	1.393728223	1.393728223	1.045296167
CNTN6	-4.529616725	-1.393728223	-0.696864111	-1.393728223
KMT2B	-4.529616725	-1.393728223	-2.090592334	-0.696864111
SSPO	4.529616725	1.393728223	2.090592334	1.393728223
ZFHX4	7.317073171	3.484320557	3.484320557	3.484320557
ERBB2	3.832752613	1.045296167	0.348432056	0.348432056
HIVEP2	3.832752613	1.045296167	1.742160279	1.393728223
LYST	3.832752613	1.045296167	1.393728223	2.090592334
RNF43	-3.832752613	-1.045296167	-1.742160279	-1.045296167
ABCA10	3.135888502	0.696864111	2.43902439	0.348432056
C3	3.135888502	0.696864111	0.348432056	1.045296167
CNTLN	3.135888502	0.696864111	2.090592334	1.393728223
GRIK2	3.135888502	0.696864111	0	0.696864111
HDLBP	3.135888502	0.696864111	2.090592334	1.742160279
MAGI2	3.135888502	0.696864111	1.393728223	0.696864111
PCDH11X	3.135888502	0.696864111	3.135888502	1.045296167
PCNXL2	3.135888502	0.696864111	1.393728223	1.393728223
PTEN	-3.135888502	-0.696864111	-2.090592334	-1.393728223
RAI1	3.135888502	0.696864111	1.393728223	0.696864111
TNS1	3.135888502	0.696864111	1.393728223	0.348432056
ACAP2	1.742160279	0	0	0.348432056
ACSS1	1.742160279	0	1.045296167	1.045296167
AFF4	1.742160279	0	0.348432056	0.348432056
AHI1	1.742160279	0	0.348432056	0.348432056
ALDH18A1	1.742160279	0	0	0.348432056
ALDH8A1	1.742160279	0	0.348432056	0
ALPK1	1.742160279	0	1.045296167	0.348432056
AOC2	1.742160279	0	0	0.696864111
ARHGAP28	1.742160279	0	0.348432056	1.045296167
ATP8A2	1.742160279	0	1.045296167	0.696864111
B2M	-1.742160279	0	-1.045296167	0
BOC	1.742160279	0	1.045296167	0.696864111
BPIFB4	1.742160279	0	0	0.348432056
BTBD16	1.742160279	0	0	0.348432056
C1QTNF1	1.742160279	0	0.348432056	0.348432056
CAMSAP1	1.742160279	0	1.742160279	0.348432056
CCNT1	1.742160279	0	0.348432056	0.348432056
CDX4	1.742160279	0	0	0.348432056
CECR2	1.742160279	0	1.045296167	0.348432056
CHST8	1.742160279	0	0.696864111	0.696864111
CNKSR2	1.742160279	0	1.045296167	0
CPXCR1	1.742160279	0	0.696864111	0.696864111
CSF2RB	1.742160279	0	0	0.348432056
CTSC	1.742160279	0	0.696864111	0.348432056
DAAM1	1.742160279	0	0.348432056	0.696864111
DRG2	1.742160279	0	0.348432056	0.348432056
DVL1	1.742160279	0	0.348432056	0.348432056
EPHA1	1.742160279	0	1.742160279	0.348432056
FAM188B	1.742160279	0	0.696864111	0.348432056
FBXO18	1.742160279	0	0.348432056	0.348432056
FOXG1	1.742160279	0	0.348432056	0.696864111
GABRD	1.742160279	0	0.696864111	0.348432056
GPSM2	1.742160279	0	0	0.348432056
GRIN2C	1.742160279	0	0	0
GTPBP3	1.742160279	0	0.696864111	0
HAPLN3	1.742160279	0	0	0
IL1RAPL1	1.742160279	0	0.696864111	0.696864111
ITGA2B	1.742160279	0	0.696864111	1.045296167
KCNJ4	1.742160279	0	0.348432056	0.348432056
LLGL1	-1.742160279	0	-0.348432056	0
LRRC49	1.742160279	0	0.348432056	0
LTBP3	1.742160279	0	0.348432056	0.348432056
MCF2L	1.742160279	0	1.045296167	0.348432056
MICU2	1.742160279	0	0.348432056	0
MSL3	1.742160279	0	0.696864111	0.696864111
MTL5	1.742160279	0	0.348432056	1.045296167
MYBPC2	1.742160279	0	0.696864111	0
MYH6	1.742160279	0	1.045296167	1.045296167
NEK8	1.742160279	0	0.696864111	0.696864111
NELFE	0	1.742160279	#N/A	#N/A
NEU3	1.742160279	0	0	0
NR3C1	1.742160279	0	0.348432056	0.696864111
NRF1	1.742160279	0	0.348432056	0.348432056
OR5T3	1.742160279	0	0.348432056	0.696864111
PAPOLB	1.742160279	0	0	0.348432056
PASD1	1.742160279	0	1.393728223	0.348432056
PBXIP1	0	1.742160279	#N/A	#N/A
PCDHB9	1.742160279	0	0.348432056	0.348432056
PHYKPL	1.742160279	0	0	0
PRCC	1.742160279	0	0.348432056	0.348432056
PROS1	1.742160279	0	0.696864111	0.348432056
QSOX2	1.742160279	0	0	0.348432056
RAPGEF1	1.742160279	0	0.696864111	0.348432056
RAVER2	1.742160279	0	0.348432056	0.696864111
RGS11	0	1.742160279	#N/A	#N/A
RIPK4	1.742160279	0	0.696864111	0.348432056
RNF157	1.742160279	0	0	0
ROCK1	1.742160279	0	1.045296167	1.045296167
SESN3	1.742160279	0	0	0
SF3B2	1.742160279	0	1.045296167	0.348432056
SGOL2	1.742160279	0	0.348432056	0.696864111
SGSM1	1.742160279	0	0.696864111	1.045296167
SH3KBP1	1.742160279	0	0.696864111	1.045296167
SHROOM3	1.742160279	0	0.696864111	1.393728223
SLC23A2	1.742160279	0	1.393728223	0
SLC26A7	1.742160279	0	1.045296167	0.348432056
SLC4A4	1.742160279	0	0	1.393728223
SMC6	1.742160279	0	0	0.348432056
SORCS2	1.742160279	0	0.348432056	0.348432056
SRPR	1.742160279	0	0	0.696864111
STYK1	1.742160279	0	0	0
SUV420H2	1.742160279	0	0	0
TACR3	1.742160279	0	0.348432056	0.696864111
TANC1	1.742160279	0	1.742160279	1.393728223
TAP2	1.742160279	0	0.696864111	0
TGDS	1.742160279	0	0	0
TM9SF2	1.742160279	0	0.348432056	0.348432056
TMC5	1.742160279	0	1.045296167	0.348432056
TRAPPC10	1.742160279	0	0.348432056	0.696864111
TRIM45	1.742160279	0	0.348432056	0
TRIP4	1.742160279	0	1.045296167	0.348432056
TRPC7	1.742160279	0	1.045296167	0.696864111
UPF2	1.742160279	0	1.742160279	0
WASF2	1.742160279	0	0.348432056	0.348432056
WDR63	1.742160279	0	0.348432056	0.348432056
ZFP37	1.742160279	0	0	0.696864111
ZMIZ1	1.742160279	0	0.696864111	0.696864111
ZNF211	1.742160279	0	0	0
ZNF287	1.742160279	0	0	0.696864111
ZNF366	1.742160279	0	0.696864111	0.696864111
ZNF442	1.742160279	0	0.348432056	0.348432056
DNAH5	6.620209059	3.135888502	4.87804878	4.181184669
ADAMTS12	4.181184669	1.393728223	2.090592334	0.696864111
BIRC6	4.181184669	1.393728223	1.045296167	0.696864111
CDH9	4.181184669	1.393728223	0.696864111	1.045296167
CELSR3	4.181184669	1.393728223	2.43902439	1.393728223
DNAH10	4.181184669	1.393728223	2.090592334	0.696864111
DYNC1H1	4.181184669	1.393728223	1.742160279	1.045296167
NIPBL	-4.181184669	-1.393728223	-2.43902439	-1.045296167
PCDH19	4.181184669	1.393728223	0.696864111	1.045296167
PKD1	4.181184669	1.393728223	0.348432056	0.696864111
PKHD1	4.181184669	1.393728223	1.742160279	1.393728223
RANBP2	4.181184669	1.393728223	1.742160279	1.393728223
TRRAP	4.181184669	1.393728223	3.484320557	1.742160279
ADGRA2	2.43902439	0.348432056	0.348432056	0.348432056
AHCTF1	2.43902439	0.348432056	1.393728223	0.348432056
ARID1B	2.43902439	0.348432056	2.090592334	0.696864111
ASCC3	2.43902439	0.348432056	3.135888502	1.045296167
CAMSAP2	2.43902439	0.348432056	1.045296167	0.348432056
CCDC178	2.43902439	0.348432056	1.045296167	1.045296167
CEP350	2.43902439	0.348432056	0.696864111	1.045296167
DENND5A	2.43902439	0.348432056	0	0.348432056
EFNB3	2.43902439	0.348432056	0.348432056	0
ESRRG	2.43902439	0.348432056	0.696864111	0.348432056
FRMPD2	2.43902439	0.348432056	0.696864111	0.696864111
HERC5	2.43902439	0.348432056	1.393728223	0.348432056
KANK4	2.43902439	0.348432056	1.045296167	0.696864111
LAMB1	2.43902439	0.348432056	0.696864111	0.348432056
MAG	2.43902439	0.348432056	0.696864111	0
MTIF2	2.43902439	0.348432056	0.348432056	0
PAX6	2.43902439	0.348432056	0.696864111	0.348432056
PCDHB12	2.43902439	0.348432056	1.742160279	0.696864111
PIGR	0.348432056	2.43902439	#N/A	#N/A
PLEKHG1	2.43902439	0.348432056	0.696864111	1.045296167
SCAF1	2.43902439	0.348432056	0	0.348432056
SEC16A	2.43902439	0.348432056	1.393728223	0.696864111
SLC1A6	2.43902439	0.348432056	0.348432056	0.348432056
SLC6A15	2.43902439	0.348432056	0.696864111	0.348432056
SLC8A2	2.43902439	0.348432056	1.393728223	0.696864111
SNX29	2.43902439	0.348432056	0.696864111	0.348432056
SPTAN1	-2.43902439	-0.348432056	0	-0.696864111
TBC1D32	2.43902439	0.348432056	1.045296167	0.348432056
TRPM6	2.43902439	0.348432056	1.393728223	1.393728223
ZNF236	2.43902439	0.348432056	2.787456446	1.393728223
MUC5B	5.574912892	2.43902439	1.045296167	2.090592334
LAMA2	4.529616725	1.742160279	1.393728223	1.393728223
PLXNA4	4.529616725	1.742160279	2.090592334	1.045296167
ZNF462	4.529616725	1.742160279	1.742160279	1.045296167
ALMS1	3.484320557	1.045296167	2.090592334	1.045296167
HSPG2	3.484320557	1.045296167	1.742160279	0.696864111
PBRM1	-3.484320557	-1.045296167	-1.045296167	-0.696864111
PCDH20	3.484320557	1.045296167	1.393728223	1.045296167
NBEA	5.923344948	2.787456446	2.787456446	1.742160279
MACF1	4.87804878	2.090592334	2.090592334	0.696864111
AKAP12	2.787456446	0.696864111	0.348432056	1.742160279
ANKRD26	2.787456446	0.696864111	0	0.348432056
ARFGEF1	2.787456446	0.696864111	2.787456446	0.348432056
ASH1L	2.787456446	0.696864111	2.787456446	2.43902439
BTAF1	2.787456446	0.696864111	1.045296167	0.348432056
BTBD11	2.787456446	0.696864111	2.787456446	0.348432056
CCAR2	2.787456446	0.696864111	1.742160279	0.348432056
CPAMD8	2.787456446	0.696864111	1.045296167	3.135888502
FIGN	2.787456446	0.696864111	1.393728223	0.696864111
FSTL4	2.787456446	0.696864111	0.348432056	0
GRM3	2.787456446	0.696864111	0.696864111	2.090592334
ITGB4	2.787456446	0.696864111	1.742160279	0
KCNH1	2.787456446	0.696864111	1.742160279	0.348432056
KIAA1462	2.787456446	0.696864111	2.090592334	1.045296167
KIAA2018	2.787456446	0.696864111	0.696864111	0.348432056
MTUS2	2.787456446	0.696864111	0.696864111	0.696864111
NBAS	2.787456446	0.696864111	1.045296167	0.696864111
NCAN	2.787456446	0.696864111	1.045296167	0.348432056
NOTCH1	-2.787456446	-0.696864111	-1.393728223	-0.348432056
PCDHB5	2.787456446	0.696864111	1.393728223	0.696864111
PCDHGA8	2.787456446	0.696864111	1.045296167	1.045296167
PHF3	2.787456446	0.696864111	0.348432056	1.045296167
PLEKHH2	2.787456446	0.696864111	0.348432056	0
PRAMEF15	0.696864111	2.787456446	#N/A	#N/A
PTPN13	2.787456446	0.696864111	1.045296167	2.090592334
RASA1	-2.787456446	-0.696864111	-0.696864111	-0.348432056
RIF1	2.787456446	0.696864111	1.742160279	1.393728223
SMARCA2	2.787456446	0.696864111	1.045296167	0.696864111
SPECC1	2.787456446	0.696864111	2.090592334	0.696864111
ST8SIA6	2.787456446	0.696864111	1.393728223	0.348432056
TLR4	2.787456446	0.696864111	1.393728223	1.742160279
ZCCHC11	2.787456446	0.696864111	1.393728223	0.696864111
CELSR1	3.832752613	1.393728223	1.045296167	1.045296167
DNAH3	3.832752613	1.393728223	3.832752613	0.696864111
NALCN	3.832752613	1.393728223	2.43902439	1.742160279
SLITRK1	3.832752613	1.393728223	2.090592334	0.696864111
MDN1	5.226480836	2.43902439	4.181184669	1.045296167
AARS2	2.090592334	0.348432056	0.348432056	0.696864111
ABCC12	2.090592334	0.348432056	1.045296167	0.696864111
ABCF3	2.090592334	0.348432056	0	0.348432056
ACCSL	2.090592334	0.348432056	0.696864111	0.348432056
ADAMTS13	2.090592334	0.348432056	1.393728223	0
AK9	2.090592334	0.348432056	1.045296167	0.348432056
AP3M2	2.090592334	0.348432056	1.045296167	0.348432056
ARHGEF10	2.090592334	0.348432056	1.393728223	0.696864111
AUTS2	2.090592334	0.348432056	0.696864111	1.045296167
BRD4	2.090592334	0.348432056	0.348432056	0.348432056
C11orf57	2.090592334	0.348432056	0.348432056	0.348432056
CACNA1I	2.090592334	0.348432056	0.696864111	1.393728223
CARD11	2.090592334	0.348432056	1.742160279	1.393728223
CC2D2A	2.090592334	0.348432056	0	1.393728223
CCDC88A	2.090592334	0.348432056	1.393728223	0.696864111
CEP83	2.090592334	0.348432056	0.348432056	0
CNTN2	2.090592334	0.348432056	0	0
DAGLB	2.090592334	0.348432056	0.348432056	0.348432056
DENND4B	2.090592334	0.348432056	1.045296167	0.696864111
DYRK1A	2.090592334	0.348432056	0.348432056	0.348432056
EPAS1	2.090592334	0.348432056	0.348432056	0.348432056
FES	2.090592334	0.348432056	1.045296167	0
GNAS	2.090592334	0.348432056	1.393728223	1.742160279
GPRC6A	2.090592334	0.348432056	0.348432056	0.348432056
HCFC1	2.090592334	0.348432056	0.696864111	1.045296167
IL1RAPL2	2.090592334	0.348432056	0.348432056	0
KCND2	2.090592334	0.348432056	2.090592334	1.393728223
KCNT1	2.090592334	0.348432056	0.696864111	0.348432056
LNPEP	2.090592334	0.348432056	1.742160279	0
MAGI1	2.090592334	0.348432056	1.393728223	0.696864111
MED12	2.090592334	0.348432056	0.348432056	0.348432056
MVK	2.090592334	0.348432056	0.348432056	0.696864111
MYO10	2.090592334	0.348432056	0.696864111	0.696864111
OCA2	2.090592334	0.348432056	1.393728223	0.696864111
PLXNA1	2.090592334	0.348432056	1.045296167	1.393728223
PLXNA3	2.090592334	0.348432056	1.045296167	0.348432056
PLXNB2	2.090592334	0.348432056	1.045296167	0.696864111
PLXNB3	2.090592334	0.348432056	0.696864111	0.696864111
POU4F2	2.090592334	0.348432056	0	0
PRICKLE2	2.090592334	0.348432056	0.696864111	1.393728223
PTPN23	2.090592334	0.348432056	1.393728223	0.348432056
RASGRF2	2.090592334	0.348432056	0.348432056	1.045296167
RPTOR	2.090592334	0.348432056	1.393728223	0.696864111
SEMA4A	2.090592334	0.348432056	0.696864111	0.348432056
SH3TC1	2.090592334	0.348432056	0.348432056	1.045296167
SIN3B	2.090592334	0.348432056	0.348432056	0
SLC8A1	2.090592334	0.348432056	1.045296167	0.348432056
SMO	2.090592334	0.348432056	0.696864111	0.696864111
TBL1X	2.090592334	0.348432056	0.348432056	0.348432056
TESPA1	2.090592334	0.348432056	0.696864111	1.045296167
TP53BP1	2.090592334	0.348432056	1.742160279	0
TRIM26	2.090592334	0.348432056	0.696864111	0
UBQLNL	0.348432056	2.090592334	#N/A	#N/A
WDR90	2.090592334	0.348432056	1.393728223	0.696864111
XDH	2.090592334	0.348432056	1.393728223	2.43902439
ZBED9	2.090592334	0.348432056	1.045296167	0.696864111
ZFYVE9	2.090592334	0.348432056	0	0
ZNF793	2.090592334	0.348432056	0	0.348432056
AKAP9	4.181184669	1.742160279	4.181184669	1.393728223
HERC2	4.181184669	1.742160279	2.787456446	0.696864111
SCN10A	4.181184669	1.742160279	1.393728223	1.742160279
SLIT2	4.181184669	1.742160279	1.045296167	0.696864111
UNC13C	4.181184669	1.742160279	1.393728223	0.696864111
AFF2	3.135888502	1.045296167	2.787456446	1.045296167
ATR	-3.135888502	-1.045296167	-1.393728223	-0.696864111
BCORL1	3.135888502	1.045296167	1.393728223	0.696864111
DCHS1	-1.045296167	-3.135888502	#N/A	#N/A
GREB1	3.135888502	1.045296167	1.045296167	1.393728223
ITPR3	3.135888502	1.045296167	2.090592334	1.393728223
LARP4B	3.135888502	1.045296167	2.787456446	1.045296167
MIA3	3.135888502	1.045296167	1.742160279	1.045296167
NAV2	3.135888502	1.045296167	1.742160279	0.696864111
NCOR1	-3.135888502	-1.045296167	-0.696864111	-0.348432056
PARD3B	3.135888502	1.045296167	0.348432056	1.045296167
PTPRM	3.135888502	1.045296167	1.742160279	1.393728223
STAB1	3.135888502	1.045296167	0.696864111	1.742160279
TRPM3	3.135888502	1.045296167	1.045296167	1.045296167
UBR5	3.135888502	1.045296167	3.484320557	1.393728223
FREM2	4.529616725	2.090592334	1.393728223	1.393728223
OBSCN	6.271777003	3.484320557	4.529616725	3.484320557
ADGRV1	4.87804878	2.43902439	2.43902439	2.090592334
ADGRG4	3.484320557	1.393728223	1.742160279	1.393728223
ATP10A	1.393728223	3.484320557	2.787456446	#N/A
GCN1L1	3.484320557	1.393728223	0.348432056	0.696864111
TCHH	3.484320557	1.393728223	2.090592334	2.090592334
ZNF804B	3.484320557	1.393728223	0.348432056	1.393728223
ABCA4	2.43902439	0.696864111	1.045296167	0.696864111
ADAMTS20	2.43902439	0.696864111	1.045296167	0.348432056
ADGRB1	2.43902439	0.696864111	1.393728223	1.045296167
AHDC1	2.43902439	0.696864111	1.045296167	0.348432056
ATAD5	2.43902439	0.696864111	0.348432056	0.348432056
BRWD3	2.43902439	0.696864111	1.045296167	0
CDH6	2.43902439	0.696864111	0.696864111	1.393728223
CDK12	-2.43902439	-0.696864111	-0.348432056	-0.696864111
CIT	2.43902439	0.696864111	0.696864111	0.696864111
COL4A2	2.43902439	0.696864111	1.393728223	0
COL5A1	2.43902439	0.696864111	1.045296167	0.696864111
CTCF	-2.43902439	-0.696864111	-1.393728223	-1.045296167
DGCR2	2.43902439	0.696864111	0.348432056	0.348432056
DLG2	2.43902439	0.696864111	0.696864111	0.348432056
FLNA	-2.43902439	-0.696864111	-1.045296167	-1.045296167
GBF1	0.696864111	2.43902439	#N/A	#N/A
GRIN3A	2.43902439	0.696864111	0.348432056	1.742160279
ITIH6	2.43902439	0.696864111	0.696864111	0
KAL1	2.43902439	0.696864111	1.045296167	0.696864111
KCNA4	2.43902439	0.696864111	0.696864111	0.696864111
KCNA5	2.43902439	0.696864111	1.045296167	0.348432056
KIF6	2.43902439	0.696864111	0.348432056	0.348432056
MYOF	2.43902439	0.696864111	1.742160279	0.696864111
PCNXL3	2.43902439	0.696864111	1.393728223	0
PHRF1	2.43902439	0.696864111	0.696864111	0
PI4KA	2.43902439	0.696864111	0.696864111	0
PPFIA4	2.43902439	0.696864111	0	0.348432056
PRDM2	2.43902439	0.696864111	1.393728223	1.393728223
PTCH1	-2.43902439	-0.696864111	-1.045296167	0
ROS1	2.43902439	0.696864111	1.742160279	0.696864111
SLC7A14	2.43902439	0.696864111	0.696864111	0.348432056
TLE4	-2.43902439	-0.696864111	-0.348432056	-0.348432056
TLL1	2.43902439	0.696864111	0.348432056	1.393728223
TRIP12	2.43902439	0.696864111	1.045296167	0.348432056
TRPC5	2.43902439	0.696864111	1.045296167	1.045296167
WDR62	2.43902439	0.696864111	1.045296167	0.348432056
WFIKKN2	2.43902439	0.696864111	1.045296167	0
WNK1	2.43902439	0.696864111	0.348432056	1.393728223
ZMYND8	2.43902439	0.696864111	0	0.696864111
NEB	5.226480836	2.787456446	2.43902439	1.045296167
FRY	3.832752613	1.742160279	2.43902439	0.696864111
MYO15A	3.832752613	1.742160279	1.393728223	1.393728223
NOS1	3.832752613	1.742160279	1.393728223	1.045296167
NRXN1	3.832752613	1.742160279	2.090592334	2.43902439
FAT4	-5.923344948	-3.484320557	-4.87804878	-4.87804878
ABCC1	1.742160279	0.348432056	0.696864111	0.696864111
ABCC5	1.742160279	0.348432056	0	0
ADAMTS14	1.742160279	0.348432056	2.090592334	0.696864111
ADD2	1.742160279	0.348432056	1.045296167	0
ADGRL4	1.742160279	0.348432056	1.045296167	0.696864111
ANKRD17	1.742160279	0.348432056	0.348432056	0.696864111
AP3B2	1.742160279	0.348432056	1.045296167	0.348432056
ARHGAP29	1.742160279	0.348432056	1.393728223	0.348432056
ARHGEF40	1.742160279	0.348432056	1.742160279	0.348432056
ASAP2	1.742160279	0.348432056	0	0
BACH2	1.742160279	0.348432056	0.696864111	0.348432056
C6orf165	1.742160279	0.348432056	0.696864111	0.348432056
CACNA2D4	1.742160279	0.348432056	0.696864111	0
CACNB2	1.742160279	0.348432056	0.696864111	0.348432056
CARM1	1.742160279	0.348432056	0.348432056	0
CDH20	1.742160279	0.348432056	1.393728223	0.348432056
CDH24	1.742160279	0.348432056	1.393728223	0
CFAP69	1.742160279	0.348432056	0	0.348432056
CHD1	1.742160279	0.348432056	0.348432056	1.045296167
CHRM3	1.742160279	0.348432056	0.348432056	0.696864111
CLCA4	1.742160279	0.348432056	1.045296167	0
COL28A1	1.742160279	0.348432056	0.348432056	0.348432056
CRYBG3	1.742160279	0.348432056	0.696864111	1.045296167
DCAF11	1.742160279	0.348432056	0.348432056	0.348432056
DCST2	1.742160279	0.348432056	0.348432056	0.348432056
DDB1	1.742160279	0.348432056	0.696864111	0.348432056
DDC	1.742160279	0.348432056	0	0
DENND4C	1.742160279	0.348432056	0.696864111	0.696864111
DHX38	1.742160279	0.348432056	0.348432056	0
DICER1	1.742160279	0.348432056	0.348432056	0
DNMT3B	1.742160279	0.348432056	0.696864111	0
DOCK11	1.742160279	0.348432056	1.045296167	0.696864111
DOPEY1	1.742160279	0.348432056	0.696864111	0.696864111
DUOX2	0.348432056	1.742160279	#N/A	#N/A
EDEM3	1.742160279	0.348432056	0	0.696864111
EEFSEC	1.742160279	0.348432056	0	0.696864111
EFEMP2	1.742160279	0.348432056	0	0
EFHC1	1.742160279	0.348432056	0	0
ELL2	1.742160279	0.348432056	0.696864111	0.696864111
ENPP2	0.348432056	1.742160279	#N/A	#N/A
ENTPD4	1.742160279	0.348432056	1.045296167	0
EPHB1	1.742160279	0.348432056	1.045296167	2.090592334
ERBB2IP	1.742160279	0.348432056	0.348432056	0.348432056
ERF	-1.742160279	-0.348432056	-0.348432056	-0.348432056
EXPH5	1.742160279	0.348432056	0.696864111	0.348432056
FAM171B	1.742160279	0.348432056	0.348432056	0.696864111
FAM198B	1.742160279	0.348432056	1.045296167	0
FARP1	1.742160279	0.348432056	0.348432056	0
FASTKD1	1.742160279	0.348432056	0.348432056	1.045296167
FNIP1	1.742160279	0.348432056	0.348432056	0
FOXA3	1.742160279	0.348432056	0	0
FOXP2	1.742160279	0.348432056	1.045296167	0.348432056
GABRA5	0.348432056	1.742160279	#N/A	#N/A
GABRG3	1.742160279	0.348432056	0.348432056	0.348432056
GALNT14	1.742160279	0.348432056	1.045296167	1.393728223
GYLTL1B	1.742160279	0.348432056	0.348432056	0
HAUS6	1.742160279	0.348432056	0.348432056	0.348432056
HEPHL1	1.742160279	0.348432056	0.348432056	0.348432056
HMHA1	1.742160279	0.348432056	0.348432056	0
IARS2	1.742160279	0.348432056	0	0.696864111
IGHM	1.742160279	0.348432056	1.742160279	0
INTU	1.742160279	0.348432056	0.348432056	0
IQGAP1	1.742160279	0.348432056	1.045296167	0.348432056
JAK3	1.742160279	0.348432056	0	0.696864111
JKAMP	1.742160279	0.348432056	0.348432056	0.348432056
JPH1	1.742160279	0.348432056	1.045296167	1.393728223
KCNK10	1.742160279	0.348432056	0.696864111	0
KCNQ2	1.742160279	0.348432056	0.696864111	0.348432056
KDM5C	-1.742160279	-0.348432056	-1.045296167	0
KIAA1211L	1.742160279	0.348432056	0.696864111	0
KIF1C	1.742160279	0.348432056	0.348432056	0.348432056
KIF9	1.742160279	0.348432056	0.348432056	0.348432056
KLC2	1.742160279	0.348432056	0.696864111	0.348432056
KLHL34	1.742160279	0.348432056	0	0
KNDC1	1.742160279	0.348432056	1.393728223	0.696864111
KRT79	1.742160279	0.348432056	0.348432056	0
LRFN2	1.742160279	0.348432056	0.696864111	1.045296167
LRRC8D	1.742160279	0.348432056	0	0.696864111
LZTS1	1.742160279	0.348432056	0.348432056	0
MAATS1	1.742160279	0.348432056	1.393728223	0.696864111
MAP7D3	1.742160279	0.348432056	0.696864111	0.348432056
MAPK8IP3	1.742160279	0.348432056	0.348432056	0
MATK	1.742160279	0.348432056	0.348432056	0.348432056
MCPH1	1.742160279	0.348432056	1.742160279	0.348432056
MIS18BP1	1.742160279	0.348432056	0.696864111	0.348432056
MMRN2	1.742160279	0.348432056	0	0.348432056
MSANTD4	1.742160279	0.348432056	1.045296167	0.348432056
MYO1B	1.742160279	0.348432056	0	0.696864111
NFATC1	1.742160279	0.348432056	0	0.348432056
NID1	1.742160279	0.348432056	0.348432056	0.696864111
NIN	1.742160279	0.348432056	2.43902439	1.742160279
NPC1	1.742160279	0.348432056	0.348432056	0.348432056
NR4A2	1.742160279	0.348432056	0	0.696864111
NRP1	1.742160279	0.348432056	0.696864111	1.393728223
NUAK1	1.742160279	0.348432056	1.742160279	1.045296167
OPHN1	1.742160279	0.348432056	0.348432056	0.348432056
OPRK1	1.742160279	0.348432056	0.696864111	1.045296167
OR11L1	1.742160279	0.348432056	0.348432056	0.696864111
OR2L8	1.742160279	0.348432056	0.348432056	0.696864111
OR8H1	1.742160279	0.348432056	0.696864111	0.348432056
OSBPL1A	1.742160279	0.348432056	0.696864111	0
P3H2	1.742160279	0.348432056	0	0.348432056
PAQR8	1.742160279	0.348432056	0	0.348432056
PHKB	0.348432056	1.742160279	#N/A	#N/A
PIAS2	1.742160279	0.348432056	1.742160279	0
PIK3R5	1.742160279	0.348432056	0.348432056	0
PIP5K1C	1.742160279	0.348432056	0.696864111	0
PLA2G3	1.742160279	0.348432056	0.696864111	0
PLCD4	1.742160279	0.348432056	0	0
PLXND1	1.742160279	0.348432056	1.393728223	0.348432056
PMFBP1	1.742160279	0.348432056	0.348432056	0
PPP3CA	1.742160279	0.348432056	0.696864111	0
PRMT2	1.742160279	0.348432056	0	0
PTPN5	1.742160279	0.348432056	0	0
PTX4	1.742160279	0.348432056	0	0
RLF	1.742160279	0.348432056	0.696864111	0.696864111
RNF123	1.742160279	0.348432056	0.348432056	0.348432056
RP11-407N17.3	1.742160279	0.348432056	0.696864111	0.696864111
RRBP1	1.742160279	0.348432056	1.045296167	0.348432056
RSF1	1.742160279	0.348432056	0.348432056	0.348432056
RUSC1	1.742160279	0.348432056	1.393728223	0.348432056
RUSC2	1.742160279	0.348432056	1.393728223	0
SAP130	1.742160279	0.348432056	0.348432056	0.348432056
SBF2	1.742160279	0.348432056	0	0.696864111
SEMA6A	1.742160279	0.348432056	0.696864111	1.045296167
SGOL1	1.742160279	0.348432056	0.348432056	0.348432056
SLC24A4	1.742160279	0.348432056	0.348432056	0
SLC35A4	1.742160279	0.348432056	0	0
SLC45A4	1.742160279	0.348432056	0.696864111	0.696864111
SLC9A8	1.742160279	0.348432056	0.348432056	0
SLTM	1.742160279	0.348432056	0.348432056	0.696864111
SMPD4	1.742160279	0.348432056	0.348432056	0.348432056
SOS2	1.742160279	0.348432056	1.393728223	0
SPTY2D1	1.742160279	0.348432056	0.348432056	1.045296167
SRRM1	1.742160279	0.348432056	0	0.696864111
STAM	1.742160279	0.348432056	0.348432056	0
SULF2	1.742160279	0.348432056	1.045296167	0.348432056
SUN1	1.742160279	0.348432056	0.348432056	0
SUPT16H	1.742160279	0.348432056	0.696864111	0
SYCP2	1.742160279	0.348432056	0.696864111	0.696864111
SYT4	1.742160279	0.348432056	0.696864111	0.696864111
TAF1	1.742160279	0.348432056	1.045296167	0.696864111
TEAD4	1.742160279	0.348432056	0.348432056	0.696864111
TGM3	0.348432056	1.742160279	#N/A	#N/A
THBS2	1.742160279	0.348432056	1.045296167	0
THSD4	1.742160279	0.348432056	0.348432056	0.696864111
TOPBP1	1.742160279	0.348432056	0.696864111	0.696864111
TOX	1.742160279	0.348432056	0.348432056	0.348432056
TP53BP2	1.742160279	0.348432056	0.348432056	0.696864111
TP63	0.348432056	1.742160279	#N/A	#N/A
TPR	1.742160279	0.348432056	1.393728223	1.045296167
TRIM28	1.742160279	0.348432056	0.348432056	0
TRIM6	1.742160279	0.348432056	0	1.045296167
TRPC3	1.742160279	0.348432056	1.045296167	0.348432056
TSC2	-1.742160279	-0.348432056	-0.696864111	-0.348432056
TTC21B	1.742160279	0.348432056	0.348432056	0.348432056
TTK	1.742160279	0.348432056	2.43902439	0.348432056
UPF3A	1.742160279	0.348432056	1.045296167	0.696864111
USH1G	1.742160279	0.348432056	0	0
USP24	1.742160279	0.348432056	0.348432056	0.348432056
USP42	1.742160279	0.348432056	0.696864111	0
WISP1	1.742160279	0.348432056	0.696864111	1.045296167
XKR4	1.742160279	0.348432056	0	1.045296167
YTHDC1	1.742160279	0.348432056	0.348432056	0.696864111
ZAN	1.742160279	0.348432056	2.43902439	1.393728223
ZAP70	1.742160279	0.348432056	0.696864111	0.696864111
ZBTB11	1.742160279	0.348432056	0.348432056	0.696864111
ZBTB4	1.742160279	0.348432056	0.696864111	0.348432056
ZCCHC7	1.742160279	0.348432056	0	0.348432056
ZNF329	1.742160279	0.348432056	0.348432056	0.348432056
ZNF609	1.742160279	0.348432056	1.045296167	1.045296167
ZNF7	1.742160279	0.348432056	0.348432056	0
ZNF74	1.742160279	0.348432056	0.696864111	0.696864111
ANK1	2.787456446	1.045296167	1.742160279	1.393728223
AR	2.787456446	1.045296167	0.696864111	1.045296167
ATRX	-2.787456446	-1.045296167	-1.045296167	-1.045296167
CNOT1	2.787456446	1.045296167	1.393728223	0.696864111
CTNND1	-2.787456446	-1.045296167	-0.348432056	-0.696864111
DNMBP	2.787456446	1.045296167	0	0.348432056
FBN2	2.787456446	1.045296167	3.484320557	1.393728223
FNDC1	2.787456446	1.045296167	0.348432056	1.045296167
HIVEP3	2.787456446	1.045296167	1.045296167	1.045296167
IGSF9B	2.787456446	1.045296167	1.045296167	0
LRRC7	2.787456446	1.045296167	1.045296167	1.742160279
PCSK5	2.787456446	1.045296167	1.045296167	0
PPP1R3A	2.787456446	1.045296167	0.696864111	0.696864111
RGS22	2.787456446	1.045296167	0.348432056	1.045296167
SCUBE2	2.787456446	1.045296167	0.696864111	0.348432056
SLC12A7	2.787456446	1.045296167	1.045296167	0.348432056
SPATA31A1	2.787456446	1.045296167	0.696864111	1.045296167
TIE1	2.787456446	1.045296167	1.393728223	0.696864111
TNN	2.787456446	1.045296167	2.090592334	1.045296167
TNRC6A	2.787456446	1.045296167	1.045296167	0.696864111
ZNF43	2.787456446	1.045296167	1.742160279	1.393728223
ASPM	4.181184669	2.090592334	2.787456446	1.742160279
GRM5	4.181184669	2.090592334	0.696864111	1.393728223
PCDH10	4.181184669	2.090592334	2.787456446	1.742160279
RIMS2	4.181184669	2.090592334	3.484320557	2.090592334
RYR3	4.181184669	2.090592334	2.090592334	2.090592334
CMYA5	4.529616725	2.43902439	2.090592334	1.742160279
SDK1	4.529616725	2.43902439	2.090592334	3.135888502
VPS13B	4.529616725	2.43902439	2.787456446	1.742160279
ACVR2A	-3.135888502	-1.393728223	-2.090592334	-1.045296167
DIDO1	3.135888502	1.393728223	1.742160279	1.045296167
DLGAP2	3.135888502	1.393728223	1.045296167	0.348432056
DSEL	1.393728223	3.135888502	#N/A	#N/A
EPG5	3.135888502	1.393728223	1.045296167	0.696864111
EPHA6	3.135888502	1.393728223	0.696864111	1.742160279
FBN3	3.135888502	1.393728223	1.393728223	1.742160279
GRM2	3.135888502	1.393728223	1.045296167	1.393728223
HERC1	3.135888502	1.393728223	3.832752613	1.045296167
IGF2R	3.135888502	1.393728223	1.045296167	0.348432056
MKRN3	3.135888502	1.393728223	0.348432056	0.348432056
MYH7	3.135888502	1.393728223	1.393728223	1.045296167
NCOR2	-3.135888502	-1.393728223	-1.393728223	-1.045296167
POGZ	3.135888502	1.393728223	0.348432056	1.045296167
RIMS1	3.135888502	1.393728223	2.43902439	1.045296167
SAMD9	3.135888502	1.393728223	0.696864111	0.348432056
VPS13A	3.135888502	1.393728223	1.045296167	1.045296167
CUBN	4.87804878	2.787456446	1.742160279	2.43902439
ABCE1	2.090592334	0.696864111	0.348432056	0
AMPD3	2.090592334	0.696864111	0.348432056	0.696864111
ASXL3	2.090592334	0.696864111	1.393728223	1.045296167
BMPR2	2.090592334	0.696864111	2.090592334	0.348432056
CACNA1G	2.090592334	0.696864111	1.045296167	0.348432056
CCDC171	2.090592334	0.696864111	1.045296167	1.045296167
CEMIP	2.090592334	0.696864111	0.348432056	0.696864111
CFH	0.696864111	2.090592334	1.742160279	#N/A
CLIP4	2.090592334	0.696864111	0.348432056	0.348432056
CNGA4	0.696864111	2.090592334	#N/A	#N/A
CNTN4	2.090592334	0.696864111	1.393728223	1.045296167
COL4A5	2.090592334	0.696864111	1.045296167	0.348432056
CPXM2	2.090592334	0.696864111	0.696864111	1.393728223
CRMP1	2.090592334	0.696864111	0	0.348432056
CSGALNACT1	2.090592334	0.696864111	1.393728223	0.348432056
DACH2	2.090592334	0.696864111	0.348432056	1.045296167
DAGLA	0.696864111	2.090592334	#N/A	#N/A
EFR3A	2.090592334	0.696864111	0.348432056	0.696864111
EVPL	2.090592334	0.696864111	1.393728223	0.348432056
FASN	2.090592334	0.696864111	1.393728223	0.348432056
FLNC	2.090592334	0.696864111	2.787456446	1.393728223
GUCY2C	2.090592334	0.696864111	0.696864111	0.348432056
HELZ2	2.090592334	0.696864111	1.045296167	0
HGF	2.090592334	0.696864111	0.348432056	0.696864111
IFT172	2.090592334	0.696864111	0.696864111	0.348432056
INTS1	2.090592334	0.696864111	0	0
ITGAD	2.090592334	0.696864111	0.348432056	0.348432056
ITIH5	2.090592334	0.696864111	1.045296167	1.045296167
KCNG1	2.090592334	0.696864111	0.348432056	0.348432056
KCNH8	2.090592334	0.696864111	1.742160279	1.045296167
KCNQ3	2.090592334	0.696864111	1.045296167	0
KDM6B	2.090592334	0.696864111	1.742160279	1.045296167
LRRC8E	2.090592334	0.696864111	0	0.348432056
MAN2A2	2.090592334	0.696864111	0	0
MASTL	2.090592334	0.696864111	0	0.348432056
MGAT4C	2.090592334	0.696864111	0.348432056	0.348432056
MPRIP	2.090592334	0.696864111	0.696864111	0.696864111
MXRA8	2.090592334	0.696864111	0	1.045296167
NCDN	2.090592334	0.696864111	1.045296167	0.348432056
NUP155	2.090592334	0.696864111	0.696864111	0.348432056
OTOGL	2.090592334	0.696864111	0.348432056	1.045296167
PCDHB13	2.090592334	0.696864111	0.696864111	0.696864111
PCDHGA6	2.090592334	0.696864111	1.045296167	0.348432056
PIGG	2.090592334	0.696864111	1.045296167	0.696864111
PLEKHA5	2.090592334	0.696864111	1.045296167	0.348432056
PLEKHA7	2.090592334	0.696864111	0	0.348432056
PLXNB1	2.090592334	0.696864111	1.393728223	0.696864111
PRDM9	2.090592334	0.696864111	1.045296167	1.393728223
PTCHD2	2.090592334	0.696864111	1.393728223	1.045296167
PTPRS	2.090592334	0.696864111	1.742160279	1.393728223
PYGO2	2.090592334	0.696864111	0.348432056	0
RB1CC1	2.090592334	0.696864111	0.348432056	0.696864111
RBM6	2.090592334	0.696864111	0.348432056	0.348432056
RREB1	0.696864111	2.090592334	#N/A	#N/A
SBNO1	2.090592334	0.696864111	1.742160279	0.696864111
SCRIB	2.090592334	0.696864111	0.696864111	1.045296167
SEMA5A	2.090592334	0.696864111	2.43902439	0.348432056
SLC4A11	2.090592334	0.696864111	0.696864111	1.045296167
SPTBN4	2.090592334	0.696864111	1.393728223	1.393728223
SREBF1	2.090592334	0.696864111	0.348432056	0
TBX5	2.090592334	0.696864111	0.348432056	0
TEK	2.090592334	0.696864111	0	0.348432056
UBE3B	2.090592334	0.696864111	1.045296167	0
WDR47	2.090592334	0.696864111	1.393728223	0.348432056
WDR49	2.090592334	0.696864111	1.742160279	0.696864111
ZNF280D	2.090592334	0.696864111	0.696864111	0.348432056
ZNF711	2.090592334	0.696864111	0.696864111	0.696864111
AHNAK	3.484320557	1.742160279	1.393728223	1.742160279
ANKRD11	3.484320557	1.742160279	0.696864111	2.090592334
CDH10	3.484320557	1.742160279	1.742160279	0.696864111
CHD7	3.484320557	1.742160279	1.393728223	1.742160279
HCN1	3.484320557	1.742160279	1.045296167	0
MUC4	3.484320557	1.742160279	2.090592334	0.696864111
PCDH9	3.484320557	1.742160279	1.393728223	0.696864111
SI	3.484320557	1.742160279	2.787456446	1.045296167
ZNF521	3.484320557	1.742160279	1.045296167	2.787456446
CSMD3	9.059233449	6.620209059	5.923344948	4.87804878
SPTA1	-5.923344948	-3.832752613	-4.181184669	-4.181184669
MED12L	3.832752613	2.090592334	1.742160279	0.348432056
HMCN1	-6.620209059	-4.529616725	-3.135888502	-3.484320557
ADCY5	2.43902439	1.045296167	0.696864111	0
AFF3	2.43902439	1.045296167	1.393728223	1.045296167
ATG2A	2.43902439	1.045296167	0.696864111	0
BRWD1	2.43902439	1.045296167	2.43902439	0.696864111
C5orf42	2.43902439	1.045296167	3.135888502	1.742160279
CACNA1A	2.43902439	1.045296167	1.045296167	1.045296167
CACNA1B	2.43902439	1.045296167	1.742160279	0.348432056
CR1	2.43902439	1.045296167	2.090592334	0
DPP10	1.045296167	2.43902439	#N/A	#N/A
FAM13C	2.43902439	1.045296167	1.045296167	0.348432056
FSHR	2.43902439	1.045296167	1.393728223	1.045296167
GOLGB1	2.43902439	1.045296167	1.045296167	0.696864111
GPATCH8	2.43902439	1.045296167	0.696864111	0.348432056
GPR45	2.43902439	1.045296167	0.696864111	0.348432056
HK1	2.43902439	1.045296167	0.348432056	0.696864111
ITPR2	2.43902439	1.045296167	2.43902439	0.348432056
KCNH7	2.43902439	1.045296167	0.348432056	0.696864111
KIAA1429	2.43902439	1.045296167	1.045296167	0.348432056
KIF17	2.43902439	1.045296167	0.348432056	0.348432056
MTR	2.43902439	1.045296167	0	0.696864111
MYO18B	2.43902439	1.045296167	0.348432056	1.045296167
PDZRN4	2.43902439	1.045296167	1.045296167	0.696864111
PPFIA2	2.43902439	1.045296167	0.696864111	0.696864111
PTPRN2	2.43902439	1.045296167	0	1.045296167
RHOA	1.045296167	2.43902439	#N/A	#N/A
RLTPR	2.43902439	1.045296167	0.348432056	0.696864111
SCAF4	-2.43902439	-1.045296167	-1.393728223	-1.045296167
SGK223	2.43902439	1.045296167	1.393728223	1.393728223
SLC3A2	2.43902439	1.045296167	2.090592334	0.696864111
SLIT3	2.43902439	1.045296167	0	0.696864111
ST6GAL2	1.045296167	2.43902439	#N/A	#N/A
SUPT6H	2.43902439	1.045296167	1.393728223	0.348432056
TLN1	2.43902439	1.045296167	1.742160279	0.696864111
TPO	2.43902439	1.045296167	1.045296167	1.393728223
TRPM1	2.43902439	1.045296167	1.045296167	0.696864111
ULK1	2.43902439	1.045296167	0.348432056	0
ZC3H13	2.43902439	1.045296167	1.742160279	0.696864111
CSMD2	4.181184669	2.43902439	2.090592334	0.696864111
PXDN	4.181184669	2.43902439	3.135888502	1.742160279
TECTA	4.181184669	2.43902439	1.045296167	2.090592334
ANK2	4.529616725	2.787456446	1.393728223	0.696864111
CDH23	4.529616725	2.787456446	2.787456446	1.393728223
ADAMTS16	2.787456446	1.393728223	2.090592334	0.348432056
ARHGAP5	2.787456446	1.393728223	1.045296167	1.045296167
CHD4	2.787456446	1.393728223	1.742160279	1.045296167
COL6A6	2.787456446	1.393728223	2.787456446	1.045296167
FLNB	2.787456446	1.393728223	1.393728223	1.393728223
FN1	2.787456446	1.393728223	1.045296167	1.045296167
GTF3C1	2.787456446	1.393728223	2.090592334	0.348432056
KALRN	2.787456446	1.393728223	0.696864111	0.696864111
KIF26B	2.787456446	1.393728223	0.696864111	0.696864111
LRRIQ1	2.787456446	1.393728223	0.696864111	1.045296167
MYCBP2	2.787456446	1.393728223	3.484320557	1.393728223
NFASC	2.787456446	1.393728223	1.742160279	1.742160279
PPP1R26	2.787456446	1.393728223	1.393728223	0
PZP	2.787456446	1.393728223	1.045296167	1.393728223
RPL22	-2.787456446	-1.393728223	-2.787456446	-0.696864111
SCN1A	2.787456446	1.393728223	0.696864111	2.43902439
SCN4A	2.787456446	1.393728223	0.696864111	0.696864111
SCN5A	2.787456446	1.393728223	1.742160279	1.742160279
SLITRK6	2.787456446	1.393728223	1.742160279	1.045296167
SPTB	2.787456446	1.393728223	1.393728223	0.348432056
SSH2	2.787456446	1.393728223	1.045296167	0.348432056
TIAM1	2.787456446	1.393728223	2.43902439	0.348432056
TNS2	2.787456446	1.393728223	0.696864111	0.696864111
ZFHX3	-2.787456446	-1.393728223	-3.135888502	-1.045296167
NAV3	4.87804878	3.135888502	2.43902439	1.045296167
ABCA13	5.226480836	3.484320557	2.090592334	1.742160279
COL12A1	5.226480836	3.484320557	3.135888502	1.742160279
FAT2	-5.226480836	-3.484320557	-2.090592334	-1.742160279
CSMD1	5.574912892	3.832752613	4.87804878	4.181184669
BRCA2	-3.135888502	-1.742160279	-1.045296167	-2.090592334
CTNNB1	3.135888502	1.742160279	1.045296167	1.045296167
CTNND2	3.135888502	1.742160279	2.43902439	1.045296167
LAMA5	3.135888502	1.742160279	1.742160279	0.696864111
PCDHA11	3.135888502	1.742160279	0.696864111	0.696864111
PCDHA12	3.135888502	1.742160279	1.742160279	1.045296167
PCDHA8	3.135888502	1.742160279	1.045296167	0.348432056
RGS12	3.135888502	1.742160279	1.742160279	0.696864111
SLITRK5	3.135888502	1.742160279	2.787456446	1.045296167
TENM1	1.742160279	3.135888502	2.787456446	2.43902439
TNXB	3.135888502	1.742160279	2.090592334	1.045296167
PCDH15	5.923344948	4.181184669	3.484320557	2.43902439
FRAS1	3.484320557	2.090592334	1.742160279	0.696864111
HUWE1	-3.484320557	-2.090592334	-1.045296167	-1.393728223
A2ML1	1.742160279	0.696864111	1.045296167	1.045296167
ABI3BP	1.742160279	0.696864111	0.348432056	0.348432056
ABL2	1.742160279	0.696864111	0.696864111	0
ADAM19	1.742160279	0.696864111	0.696864111	0
ADAMTS1	1.742160279	0.696864111	1.393728223	0
ADAMTS4	1.742160279	0.696864111	0.348432056	0.348432056
ADCY1	1.742160279	0.696864111	0.696864111	0.348432056
AFAP1	1.742160279	0.696864111	0.348432056	0.348432056
AGBL1	1.742160279	0.696864111	1.045296167	1.742160279
ALPK3	1.742160279	0.696864111	1.045296167	0.696864111
AMER1	-1.742160279	-0.696864111	-2.090592334	-1.045296167
AMER2	1.742160279	0.696864111	0.348432056	0.348432056
ANKHD1-EIF4EBP3	1.742160279	0.696864111	0.348432056	0
ANO3	1.742160279	0.696864111	0.348432056	1.045296167
AP4E1	1.742160279	0.696864111	0	0.348432056
ARHGEF11	1.742160279	0.696864111	1.045296167	0.696864111
ASCC2	1.742160279	0.696864111	0.696864111	0
ATP2B4	0.696864111	1.742160279	#N/A	#N/A
ATP8B4	1.742160279	0.696864111	1.045296167	1.393728223
AVPR1A	1.742160279	0.696864111	1.045296167	0.696864111
BCL9L	1.742160279	0.696864111	2.43902439	0.696864111
BEST3	1.742160279	0.696864111	0.696864111	0.348432056
BPIFB6	1.742160279	0.696864111	0	0.348432056
C11orf63	1.742160279	0.696864111	1.393728223	1.045296167
C9orf84	1.742160279	0.696864111	1.045296167	1.045296167
CASKIN1	1.742160279	0.696864111	1.742160279	0.348432056
CASZ1	1.742160279	0.696864111	1.393728223	0.348432056
CCDC129	1.742160279	0.696864111	0.348432056	0.696864111
CCDC180	1.742160279	0.696864111	0.696864111	0.696864111
CCDC7	1.742160279	0.696864111	1.045296167	0.696864111
CCDC80	1.742160279	0.696864111	0.348432056	1.045296167
CCT8L2	1.742160279	0.696864111	1.045296167	0.696864111
CD163	1.742160279	0.696864111	0.348432056	0.696864111
CDC42BPB	1.742160279	0.696864111	0.348432056	0.348432056
CDK13	1.742160279	0.696864111	1.045296167	1.045296167
CHPF2	1.742160279	0.696864111	1.045296167	0.348432056
CIITA	1.742160279	0.696864111	0	0.696864111
CILP2	0.696864111	1.742160279	1.742160279	#N/A
CLCN1	1.742160279	0.696864111	0	0.348432056
CNTN1	1.742160279	0.696864111	1.393728223	0.696864111
CNTN5	0.696864111	1.742160279	2.090592334	#N/A
COL19A1	1.742160279	0.696864111	0.348432056	0
CROT	1.742160279	0.696864111	0.348432056	1.045296167
CTSW	1.742160279	0.696864111	0.696864111	0.348432056
DAG1	1.742160279	0.696864111	0.348432056	0.348432056
DEPDC5	1.742160279	0.696864111	1.045296167	0.348432056
DNHD1	1.742160279	0.696864111	0.696864111	0.696864111
DOCK8	1.742160279	0.696864111	0.696864111	0.696864111
EBF3	1.742160279	0.696864111	1.393728223	0.696864111
EEF2	-1.742160279	-0.696864111	-0.696864111	0
ELFN2	1.742160279	0.696864111	1.045296167	0.696864111
EPB41L5	1.742160279	0.696864111	0.348432056	0.348432056
EPHA7	1.742160279	0.696864111	0	0.696864111
EPX	1.742160279	0.696864111	1.393728223	0
ERCC6L2	1.742160279	0.696864111	0.696864111	1.045296167
ESPL1	1.742160279	0.696864111	1.045296167	0.348432056
EXTL3	1.742160279	0.696864111	0.696864111	0.348432056
FAM208B	1.742160279	0.696864111	0.696864111	1.045296167
FANCD2	1.742160279	0.696864111	0	0
FBXO11	1.742160279	0.696864111	0.348432056	0.348432056
FBXO24	1.742160279	0.696864111	1.045296167	0.348432056
FGFR4	1.742160279	0.696864111	1.045296167	0
FMN2	1.742160279	0.696864111	3.135888502	2.43902439
FMNL1	1.742160279	0.696864111	1.045296167	0
FOCAD	1.742160279	0.696864111	0.348432056	0.348432056
FTSJ3	0.696864111	1.742160279	#N/A	#N/A
GABBR2	1.742160279	0.696864111	0.348432056	0.348432056
GALNT18	1.742160279	0.696864111	0.696864111	0
GLI2	1.742160279	0.696864111	0	0.696864111
GRIK1	1.742160279	0.696864111	0.348432056	0
GRIK5	1.742160279	0.696864111	1.045296167	0.696864111
GXYLT1	1.742160279	0.696864111	0.696864111	0
HTT	0.696864111	1.742160279	2.43902439	#N/A
INTS8	1.742160279	0.696864111	0.696864111	0.348432056
IRX1	1.742160279	0.696864111	0.696864111	0.696864111
ITGA5	1.742160279	0.696864111	0.348432056	0
JAG2	-1.742160279	-0.696864111	-1.393728223	-0.348432056
KCNMB2	0.696864111	1.742160279	#N/A	#N/A
KIF13A	1.742160279	0.696864111	1.045296167	0
KIF27	1.742160279	0.696864111	0.348432056	0.348432056
KIF7	1.742160279	0.696864111	0	0
LIG3	1.742160279	0.696864111	1.045296167	0.348432056
LILRB5	1.742160279	0.696864111	1.045296167	0.696864111
LRBA	0.696864111	1.742160279	#N/A	#N/A
LRFN3	1.742160279	0.696864111	1.393728223	0.348432056
LTN1	1.742160279	0.696864111	2.090592334	0
MAGED1	1.742160279	0.696864111	0.696864111	0.348432056
MAGEL2	1.742160279	0.696864111	1.045296167	0.696864111
MAP2K7	0.696864111	1.742160279	#N/A	#N/A
MED14	1.742160279	0.696864111	0.348432056	0
MEGF8	1.742160279	0.696864111	1.393728223	1.393728223
MMP16	1.742160279	0.696864111	1.045296167	0.696864111
MMP3	1.742160279	0.696864111	0.348432056	0
MYOM3	0.696864111	1.742160279	#N/A	#N/A
NLGN1	1.742160279	0.696864111	0.696864111	1.393728223
NLRP7	1.742160279	0.696864111	0.348432056	1.045296167
NPBWR1	1.742160279	0.696864111	0	1.045296167
NPHP4	1.742160279	0.696864111	0.696864111	0
NR1D1	1.742160279	0.696864111	0	0.696864111
NR3C2	1.742160279	0.696864111	0.348432056	0.696864111
NTRK3	0.696864111	1.742160279	#N/A	#N/A
NYAP1	1.742160279	0.696864111	1.045296167	0.696864111
OLFM3	0.696864111	1.742160279	#N/A	#N/A
OR10J3	0.696864111	1.742160279	#N/A	#N/A
OR2T12	1.742160279	0.696864111	0.348432056	1.045296167
OSBPL3	1.742160279	0.696864111	0	0
P2RY8	0.696864111	1.742160279	#N/A	#N/A
PAPLN	1.742160279	0.696864111	1.045296167	0.696864111
PARP4	1.742160279	0.696864111	0.696864111	0.696864111
PCDHAC1	1.742160279	0.696864111	0.696864111	1.393728223
PDE1C	0.696864111	1.742160279	#N/A	#N/A
PFKP	1.742160279	0.696864111	0.696864111	0.348432056
PHEX	1.742160279	0.696864111	0.348432056	1.045296167
PHF1	1.742160279	0.696864111	0.348432056	0
PLCG2	1.742160279	0.696864111	1.045296167	0.348432056
PLD1	1.742160279	0.696864111	0.348432056	1.393728223
PLXNC1	1.742160279	0.696864111	1.045296167	0.696864111
PNMA5	1.742160279	0.696864111	0	0
PNPLA7	1.742160279	0.696864111	0.696864111	0.696864111
PPP1R12B	1.742160279	0.696864111	1.045296167	0.348432056
PRF1	0.696864111	1.742160279	#N/A	#N/A
PRKCG	1.742160279	0.696864111	0	1.393728223
PRRC2B	1.742160279	0.696864111	0.696864111	0.696864111
PSD4	0.696864111	1.742160279	#N/A	#N/A
PSME4	0.696864111	1.742160279	#N/A	#N/A
PTCD1	1.742160279	0.696864111	0.348432056	0
PTCH2	1.742160279	0.696864111	0.696864111	0.696864111
PTCHD4	1.742160279	0.696864111	0.696864111	0.348432056
PTPRJ	1.742160279	0.696864111	0.696864111	0.696864111
RERE	1.742160279	0.696864111	1.045296167	0.348432056
RFX6	1.742160279	0.696864111	0	0
RICTOR	1.742160279	0.696864111	0.348432056	1.045296167
ROCK2	1.742160279	0.696864111	1.045296167	0.696864111
RPS6KA6	1.742160279	0.696864111	1.045296167	0.348432056
RTN3	1.742160279	0.696864111	0.696864111	0.696864111
RXFP3	1.742160279	0.696864111	2.090592334	0.348432056
SALL4	1.742160279	0.696864111	1.393728223	1.045296167
SASS6	1.742160279	0.696864111	0.348432056	0
SEL1L3	1.742160279	0.696864111	1.045296167	1.045296167
SEMA5B	1.742160279	0.696864111	0.348432056	0.696864111
SHANK1	0.696864111	1.742160279	#N/A	#N/A
SLC12A9	1.742160279	0.696864111	0.348432056	0.348432056
SLC4A3	1.742160279	0.696864111	0.696864111	0.348432056
SLC6A7	0.696864111	1.742160279	#N/A	#N/A
SOX5	1.742160279	0.696864111	0.696864111	0.348432056
ST18	1.742160279	0.696864111	0.696864111	0.348432056
STAT5B	1.742160279	0.696864111	0.696864111	0.348432056
STS	1.742160279	0.696864111	0.348432056	0.696864111
SUSD1	1.742160279	0.696864111	0.348432056	0.696864111
TBC1D8B	1.742160279	0.696864111	0	0
TDRD1	1.742160279	0.696864111	0.348432056	0.348432056
TEX2	1.742160279	0.696864111	0.696864111	0.348432056
THBS1	1.742160279	0.696864111	0.696864111	1.045296167
TNRC6C	1.742160279	0.696864111	0.348432056	0.348432056
TTI1	1.742160279	0.696864111	1.393728223	0.696864111
TTLL4	1.742160279	0.696864111	0	0.696864111
UHRF1BP1	1.742160279	0.696864111	1.045296167	0.348432056
UNC5C	1.742160279	0.696864111	0.696864111	0.696864111
WDR17	1.742160279	0.696864111	1.045296167	0.348432056
WDR33	1.742160279	0.696864111	1.742160279	0.348432056
ZBTB34	1.742160279	0.696864111	0.348432056	0.348432056
ZDHHC8	1.742160279	0.696864111	0.696864111	1.393728223
ZFAT	1.742160279	0.696864111	2.43902439	0.348432056
ZNF251	1.742160279	0.696864111	0	0.348432056
ZNF48	1.742160279	0.696864111	0.696864111	0.348432056
ZNF808	0.696864111	1.742160279	#N/A	#N/A
ZSWIM5	1.742160279	0.696864111	0.696864111	0
ZZEF1	1.742160279	0.696864111	1.393728223	0.696864111
DNAH8	3.832752613	2.43902439	2.43902439	1.393728223
GPR179	3.832752613	2.43902439	1.045296167	0.696864111
HECTD4	3.832752613	2.43902439	1.045296167	0.696864111
KIAA1109	3.832752613	2.43902439	2.43902439	0.696864111
PTPRD	3.832752613	2.43902439	1.393728223	0.696864111
SALL1	2.43902439	3.832752613	1.045296167	0.348432056
TENM4	2.43902439	3.832752613	1.393728223	1.393728223
KMT2C	-4.181184669	-2.787456446	-2.43902439	-1.393728223
RP1	4.181184669	2.787456446	2.43902439	2.43902439
ANKRD50	2.090592334	1.045296167	0.348432056	0.696864111
ARHGEF15	2.090592334	1.045296167	0.696864111	0
ARID5B	-2.090592334	-1.045296167	-0.348432056	0
ASAP1	2.090592334	1.045296167	0	1.393728223
ASTN2	1.045296167	2.090592334	#N/A	1.742160279
BCL11A	2.090592334	1.045296167	1.045296167	0.696864111
BDP1	2.090592334	1.045296167	1.393728223	1.045296167
BNC2	1.045296167	2.090592334	1.742160279	1.742160279
CCDC73	2.090592334	1.045296167	0.348432056	0.696864111
CELSR2	2.090592334	1.045296167	1.742160279	2.43902439
CNGB1	2.090592334	1.045296167	0	0.348432056
DMXL2	2.090592334	1.045296167	1.742160279	0.696864111
DZIP1L	2.090592334	1.045296167	0.696864111	0.348432056
ERBB3	2.090592334	1.045296167	1.742160279	1.742160279
FAM193A	1.045296167	2.090592334	#N/A	#N/A
GPR158	2.090592334	1.045296167	2.43902439	1.742160279
GRIN2A	2.090592334	1.045296167	1.393728223	1.393728223
HLA-B	-2.090592334	-1.045296167	-1.045296167	0
ITGAL	2.090592334	1.045296167	0.696864111	1.045296167
KIAA1549L	2.090592334	1.045296167	1.045296167	0
KIF4B	2.090592334	1.045296167	0.348432056	0.696864111
LCT	2.090592334	1.045296167	1.393728223	0.348432056
MAGEE1	2.090592334	1.045296167	0.696864111	0.348432056
MYH8	2.090592334	1.045296167	0.348432056	0.696864111
MYLK	2.090592334	1.045296167	1.393728223	0.696864111
MYO7A	2.090592334	1.045296167	0.696864111	0.348432056
NCKAP5	2.090592334	1.045296167	2.43902439	1.393728223
NCOA2	2.090592334	1.045296167	1.045296167	1.045296167
NFATC2	2.090592334	1.045296167	1.045296167	0.696864111
NRXN2	2.090592334	1.045296167	1.045296167	1.393728223
NUP98	2.090592334	1.045296167	1.742160279	0.348432056
OBSL1	2.090592334	1.045296167	0.696864111	1.045296167
OR4C15	2.090592334	1.045296167	1.045296167	0
OR5M3	2.090592334	1.045296167	1.742160279	0.696864111
PAQR9	2.090592334	1.045296167	0.696864111	0.696864111
PCDH8	2.090592334	1.045296167	1.045296167	0
PCDHB3	2.090592334	1.045296167	1.742160279	1.045296167
PCDHGA3	2.090592334	1.045296167	0.696864111	0.348432056
PCDHGB3	2.090592334	1.045296167	0.696864111	0.696864111
PLEKHA6	2.090592334	1.045296167	0.696864111	1.045296167
PPRC1	2.090592334	1.045296167	0	0
RBP3	2.090592334	1.045296167	1.393728223	0
RET	2.090592334	1.045296167	0	1.045296167
RNF31	2.090592334	1.045296167	0.696864111	0
RPGRIP1L	2.090592334	1.045296167	0.348432056	0.348432056
SDK2	2.090592334	1.045296167	1.742160279	0.348432056
SEMA6D	2.090592334	1.045296167	1.393728223	0.696864111
SOX7	2.090592334	1.045296167	1.045296167	0.696864111
SPTBN2	1.045296167	2.090592334	#N/A	#N/A
TACC2	1.045296167	2.090592334	#N/A	#N/A
TCERG1	2.090592334	1.045296167	0.348432056	0.696864111
TNS3	2.090592334	1.045296167	1.393728223	0.696864111
TSPYL5	2.090592334	1.045296167	0.696864111	0
TUBA3C	1.045296167	2.090592334	#N/A	#N/A
TULP4	2.090592334	1.045296167	1.393728223	1.045296167
WAPAL	2.090592334	1.045296167	0.348432056	0.348432056
WASF3	2.090592334	1.045296167	0	0.348432056
WRN	2.090592334	1.045296167	0	0
ZC3H18	2.090592334	1.045296167	2.090592334	0.348432056
ZFYVE26	2.090592334	1.045296167	1.045296167	0
ZNF638	2.090592334	1.045296167	0.696864111	1.045296167
ZNF667	2.090592334	1.045296167	2.43902439	0.348432056
ZNFX1	2.090592334	1.045296167	0.696864111	1.045296167
FAT3	-5.226480836	-3.832752613	-4.529616725	-2.43902439
ABCC8	2.43902439	1.393728223	0.696864111	0.696864111
AMPH	2.43902439	1.393728223	0.696864111	1.045296167
ATP2B3	2.43902439	1.393728223	1.045296167	1.045296167
CACNA1C	2.43902439	1.393728223	1.393728223	2.090592334
CD163L1	2.43902439	1.393728223	0.348432056	0.696864111
CNTN3	1.393728223	2.43902439	#N/A	#N/A
COL14A1	2.43902439	1.393728223	0.696864111	0.696864111
COL6A2	2.43902439	1.393728223	0	0.696864111
CSPG4	2.43902439	1.393728223	1.045296167	1.045296167
DCAF12L1	2.43902439	1.393728223	1.393728223	0.696864111
F13B	2.43902439	1.393728223	0.696864111	0.348432056
FAT1	-2.43902439	-1.393728223	-2.43902439	-1.742160279
FLRT2	2.43902439	1.393728223	1.045296167	2.090592334
FSIP2	2.43902439	1.393728223	1.742160279	2.090592334
GRIN2B	2.43902439	1.393728223	0.696864111	0.696864111
KCNT2	2.43902439	1.393728223	1.393728223	0.348432056
KLF3	2.43902439	1.393728223	0.696864111	1.393728223
LRP12	2.43902439	1.393728223	1.393728223	2.090592334
MAGEC3	2.43902439	1.393728223	0	0.348432056
MDGA2	2.43902439	1.393728223	0.696864111	1.742160279
MKI67	2.43902439	1.393728223	1.742160279	0.348432056
MXRA5	2.43902439	1.393728223	2.090592334	1.045296167
MYH11	2.43902439	1.393728223	1.045296167	1.045296167
MYH7B	2.43902439	1.393728223	1.393728223	0
PCNT	2.43902439	1.393728223	1.393728223	0.696864111
PDE3B	2.43902439	1.393728223	0	1.045296167
PPL	2.43902439	1.393728223	0.348432056	0.348432056
SCN2A	2.43902439	1.393728223	1.742160279	1.045296167
SORCS1	2.43902439	1.393728223	1.045296167	1.045296167
STAB2	2.43902439	1.393728223	1.045296167	1.045296167
SULF1	2.43902439	1.393728223	1.742160279	1.393728223
APC	-2.787456446	-1.742160279	-2.43902439	-1.742160279
CNTNAP5	2.787456446	1.742160279	1.393728223	2.787456446
DCC	2.787456446	1.742160279	2.43902439	1.045296167
DSCAM	2.787456446	1.742160279	2.43902439	1.393728223
DSCAML1	2.787456446	1.742160279	1.393728223	1.742160279
FHOD3	1.742160279	2.787456446	0.696864111	0.696864111
HECW1	2.787456446	1.742160279	1.393728223	1.045296167
KCNMA1	2.787456446	1.742160279	1.393728223	0.696864111
POLQ	2.787456446	1.742160279	2.090592334	1.045296167
SLCO5A1	2.787456446	1.742160279	1.742160279	0.696864111
TDRD6	2.787456446	1.742160279	1.045296167	1.045296167
TENM2	2.787456446	1.742160279	1.393728223	0.696864111
CDH1	-3.135888502	-2.090592334	-2.43902439	-2.43902439
DCHS2	-3.135888502	-2.090592334	-1.742160279	-2.090592334
DNAH17	3.135888502	2.090592334	3.135888502	1.045296167
EPHA2	-3.135888502	-2.090592334	-1.742160279	-0.696864111
EVC2	3.135888502	2.090592334	1.742160279	0.696864111
SPEF2	3.135888502	2.090592334	1.393728223	0.348432056
SRCAP	3.135888502	2.090592334	2.090592334	0.696864111
UNC79	3.135888502	2.090592334	1.742160279	1.045296167
ZNF536	2.090592334	3.135888502	2.090592334	2.090592334
COL11A1	3.484320557	2.43902439	1.393728223	2.43902439
FCGBP	3.484320557	2.43902439	2.090592334	1.742160279
KMT2A	-3.832752613	-2.787456446	-0.696864111	-1.393728223
MUC17	3.832752613	2.787456446	3.135888502	2.090592334
APOB	-4.181184669	-3.135888502	-2.43902439	-2.787456446
DNAH11	4.181184669	3.135888502	3.135888502	3.484320557
PEG3	4.181184669	3.135888502	2.43902439	1.393728223
LRRK2	5.226480836	4.181184669	2.787456446	2.090592334
RYR2	5.923344948	4.87804878	3.135888502	2.43902439
USH2A	6.271777003	5.226480836	4.181184669	1.393728223
PCLO	6.620209059	5.574912892	5.226480836	2.43902439
ABCC4	1.742160279	1.045296167	0.348432056	0.696864111
ADAM2	1.742160279	1.045296167	0	0.348432056
ADAMTS3	1.742160279	1.045296167	0.696864111	0.348432056
ADCY6	1.742160279	1.045296167	0.696864111	0
ADGRL2	1.742160279	1.045296167	0.696864111	2.090592334
AFF1	1.742160279	1.045296167	0	0
ATP10B	1.045296167	1.742160279	#N/A	2.43902439
ATP10D	1.742160279	1.045296167	1.045296167	0.696864111
ATP8B2	1.742160279	1.045296167	0	0.696864111
BCAS3	1.742160279	1.045296167	0.348432056	0.348432056
C2orf71	1.742160279	1.045296167	0.696864111	0.348432056
C6orf118	1.742160279	1.045296167	0.348432056	1.045296167
CACNA2D1	1.742160279	1.045296167	1.045296167	0.348432056
CACNA2D3	1.045296167	1.742160279	#N/A	#N/A
CCAR1	1.742160279	1.045296167	0.348432056	0.348432056
CDH16	1.742160279	1.045296167	0.696864111	1.393728223
CDKN2A	-1.742160279	-1.045296167	-1.045296167	-0.696864111
CHD5	1.742160279	1.045296167	1.742160279	0.348432056
CHL1	1.045296167	1.742160279	#N/A	#N/A
CIC	-1.742160279	-1.045296167	-2.43902439	-1.045296167
CLCN3	1.742160279	1.045296167	0.696864111	0
COL17A1	1.742160279	1.045296167	1.045296167	0.348432056
COL4A4	1.045296167	1.742160279	#N/A	#N/A
CSF1R	1.045296167	1.742160279	#N/A	#N/A
CTNNA2	1.742160279	1.045296167	0.348432056	1.742160279
CXXC1	1.742160279	1.045296167	1.045296167	0.348432056
CYP19A1	1.742160279	1.045296167	0.348432056	0.348432056
DHX30	1.742160279	1.045296167	0.696864111	0
DLAT	1.742160279	1.045296167	0.696864111	0
DLGAP3	1.742160279	1.045296167	0.696864111	0.696864111
DPYD	1.742160279	1.045296167	1.045296167	1.045296167
EBF1	1.742160279	1.045296167	0.348432056	0.696864111
EPHA3	1.742160279	1.045296167	2.787456446	1.393728223
EPHA4	1.742160279	1.045296167	0.348432056	1.045296167
ERCC6	1.742160279	1.045296167	1.742160279	0
FBLN2	1.742160279	1.045296167	0	1.045296167
FBXL7	1.742160279	1.045296167	1.045296167	1.045296167
FER1L6	1.742160279	1.045296167	2.090592334	1.393728223
FRMPD1	1.742160279	1.045296167	1.045296167	0.696864111
FZD8	1.742160279	1.045296167	0.348432056	0.696864111
GABRG1	1.742160279	1.045296167	0.696864111	0
GPR139	1.742160279	1.045296167	0.348432056	0.348432056
GRID1	1.742160279	1.045296167	1.393728223	0.696864111
GRIK3	1.742160279	1.045296167	1.045296167	0.348432056
KCNU1	1.742160279	1.045296167	0.696864111	1.393728223
KDM2B	1.742160279	1.045296167	1.045296167	0
KDM3B	1.742160279	1.045296167	0.348432056	0.696864111
KIAA0430	1.742160279	1.045296167	0.696864111	1.393728223
KIAA1210	1.045296167	1.742160279	#N/A	#N/A
KIAA1549	1.742160279	1.045296167	1.393728223	1.393728223
KIDINS220	1.742160279	1.045296167	2.787456446	0.348432056
LHCGR	1.742160279	1.045296167	0.696864111	0.348432056
LIN7A	1.045296167	1.742160279	#N/A	#N/A
LRRIQ3	1.742160279	1.045296167	1.742160279	0.348432056
LRRK1	1.045296167	1.742160279	#N/A	#N/A
MCM2	1.045296167	1.742160279	#N/A	#N/A
MPDZ	1.742160279	1.045296167	1.393728223	1.045296167
MRC1	1.742160279	1.045296167	0.696864111	1.045296167
MROH2B	1.742160279	1.045296167	0	1.045296167
MYH4	1.045296167	1.742160279	#N/A	#N/A
NEBL	1.045296167	1.742160279	#N/A	#N/A
NEUROD4	1.045296167	1.742160279	#N/A	#N/A
NLRP14	1.742160279	1.045296167	0.696864111	0.348432056
NLRP3	1.742160279	1.045296167	0.696864111	0.348432056
OGDHL	1.742160279	1.045296167	1.393728223	0.696864111
OR4A16	1.045296167	1.742160279	#N/A	#N/A
OTOF	1.045296167	1.742160279	#N/A	#N/A
PAX1	1.742160279	1.045296167	1.742160279	0
PCDHA13	1.742160279	1.045296167	1.393728223	0.348432056
PCDHA4	1.742160279	1.045296167	1.045296167	0.348432056
PCDHB8	1.742160279	1.045296167	1.393728223	1.393728223
PCDHGB1	1.742160279	1.045296167	1.045296167	1.045296167
PCED1B	1.742160279	1.045296167	0.696864111	0.348432056
PGR	-1.742160279	-1.045296167	-0.348432056	-1.045296167
PIK3CG	1.045296167	1.742160279	#N/A	#N/A
PKD1L1	1.742160279	1.045296167	1.742160279	0.696864111
PRAMEF14	1.742160279	1.045296167	1.045296167	0.348432056
PTK2B	1.742160279	1.045296167	2.090592334	0.696864111
PTPRF	1.742160279	1.045296167	1.393728223	0.348432056
RAD51AP2	1.742160279	1.045296167	0.696864111	0
RBM27	1.742160279	1.045296167	0.696864111	1.045296167
SALL3	1.742160279	1.045296167	0.696864111	1.045296167
SFMBT2	1.742160279	1.045296167	1.045296167	1.045296167
SIPA1L2	1.742160279	1.045296167	2.787456446	1.393728223
SLC17A6	1.045296167	1.742160279	#N/A	#N/A
SMARCA4	-1.742160279	-1.045296167	-1.742160279	-1.045296167
SNTG1	1.045296167	1.742160279	#N/A	#N/A
SPAG17	1.742160279	1.045296167	1.742160279	1.045296167
SPTLC3	1.742160279	1.045296167	0.696864111	0.348432056
SSFA2	1.742160279	1.045296167	1.045296167	0.348432056
STXBP5L	1.045296167	1.742160279	#N/A	#N/A
SYCP1	1.045296167	1.742160279	#N/A	#N/A
TJP1	1.742160279	1.045296167	1.742160279	0.696864111
TNR	1.045296167	1.742160279	#N/A	#N/A
TRHDE	1.045296167	1.742160279	#N/A	#N/A
TRPV5	1.742160279	1.045296167	0	1.045296167
UNC13B	1.742160279	1.045296167	0	0
VCPIP1	1.742160279	1.045296167	1.393728223	0.348432056
VWA8	1.742160279	1.045296167	0.348432056	0.696864111
WBSCR17	1.742160279	1.045296167	1.393728223	1.393728223
XRN1	1.742160279	1.045296167	1.045296167	0.696864111
ZEB1	1.742160279	1.045296167	0.696864111	0.696864111
ZNF318	1.742160279	1.045296167	0.696864111	0.696864111
ZNF569	1.742160279	1.045296167	0.348432056	0.348432056
ZNF71	1.742160279	1.045296167	0.696864111	0.348432056
ZNF835	1.742160279	1.045296167	1.393728223	0
ABCA7	1.393728223	2.090592334	#N/A	#N/A
ACTN2	2.090592334	1.393728223	2.090592334	0.696864111
ANKRD30A	1.393728223	2.090592334	#N/A	#N/A
ARHGAP35	2.090592334	1.393728223	0.348432056	0
ATP2B2	2.090592334	1.393728223	2.090592334	0.348432056
COL5A3	1.393728223	2.090592334	#N/A	#N/A
DLEC1	2.090592334	1.393728223	0.348432056	0.696864111
DYSF	1.393728223	2.090592334	#N/A	2.090592334
EPHA5	2.090592334	1.393728223	1.742160279	1.742160279
FAM47C	1.393728223	2.090592334	#N/A	#N/A
FANCM	2.090592334	1.393728223	0.696864111	1.045296167
FCRL3	2.090592334	1.393728223	1.393728223	0.696864111
FILIP1	1.393728223	2.090592334	#N/A	#N/A
FSTL5	2.090592334	1.393728223	0.696864111	0.696864111
HFM1	1.393728223	2.090592334	1.742160279	#N/A
ITPR1	2.090592334	1.393728223	2.43902439	0.348432056
KAT6A	2.090592334	1.393728223	2.43902439	1.742160279
KIAA0232	1.393728223	2.090592334	#N/A	#N/A
KIAA2022	2.090592334	1.393728223	1.742160279	2.43902439
MUC6	-2.090592334	-1.393728223	-1.393728223	-3.135888502
MYH1	2.090592334	1.393728223	0.696864111	2.090592334
MYH14	2.090592334	1.393728223	0.348432056	0.348432056
NBEAL2	1.393728223	2.090592334	#N/A	1.742160279
NBN	2.090592334	1.393728223	0.348432056	0.696864111
NOTCH3	-2.090592334	-1.393728223	-0.696864111	-0.348432056
PCDHA9	2.090592334	1.393728223	0.348432056	0.696864111
PCDHB14	2.090592334	1.393728223	0.696864111	0.348432056
POLE	2.090592334	1.393728223	0.696864111	1.045296167
POP1	2.090592334	1.393728223	0.696864111	0.348432056
PRICKLE1	2.090592334	1.393728223	0.348432056	0.348432056
SALL2	1.393728223	2.090592334	#N/A	#N/A
SPG11	2.090592334	1.393728223	1.045296167	0.348432056
TMEM132B	2.090592334	1.393728223	0.696864111	0
TNC	2.090592334	1.393728223	1.393728223	1.045296167
TRIM49C	2.090592334	1.393728223	0.348432056	1.045296167
TRIML2	1.393728223	2.090592334	#N/A	#N/A
VWF	1.393728223	2.090592334	2.43902439	#N/A
WNK2	2.090592334	1.393728223	0.348432056	1.045296167
ZDBF2	2.090592334	1.393728223	2.787456446	0.696864111
ZNF804A	1.393728223	2.090592334	1.742160279	1.742160279
DSP	2.43902439	1.742160279	0.696864111	1.045296167
FAM135B	1.742160279	2.43902439	2.43902439	0.696864111
HECW2	2.43902439	1.742160279	1.045296167	0.348432056
HYDIN	2.43902439	1.742160279	0.696864111	2.090592334
JAKMIP1	1.742160279	2.43902439	0.348432056	0.696864111
KRAS	2.43902439	1.742160279	1.742160279	2.090592334
MGA	-2.43902439	-1.742160279	-1.045296167	-1.045296167
MYH10	2.43902439	1.742160279	2.090592334	1.045296167
MYO1F	1.742160279	2.43902439	0.348432056	0.348432056
NOTCH2	-2.43902439	-1.742160279	-0.348432056	-1.393728223
PCDHGA12	2.43902439	1.742160279	1.045296167	2.090592334
REV3L	2.43902439	1.742160279	3.135888502	1.742160279
SCN11A	2.43902439	1.742160279	1.393728223	1.393728223
TPTE	1.742160279	2.43902439	2.090592334	1.045296167
TRPA1	1.742160279	2.43902439	2.090592334	1.742160279
TUBGCP6	2.43902439	1.742160279	1.045296167	0.696864111
VPS13C	2.43902439	1.742160279	1.742160279	0.696864111
ZNF208	1.742160279	2.43902439	1.393728223	1.393728223
AKAP6	2.787456446	2.090592334	1.742160279	1.045296167
ARID2	-2.787456446	-2.090592334	-1.045296167	-0.696864111
CDH18	2.090592334	2.787456446	1.393728223	0.348432056
COL22A1	2.787456446	2.090592334	1.045296167	1.393728223
GRM1	2.787456446	2.090592334	1.393728223	2.090592334
MAGEC1	2.090592334	2.787456446	1.045296167	1.045296167
MYH2	2.787456446	2.090592334	1.393728223	0.348432056
NRK	2.787456446	2.090592334	0.696864111	0.348432056
PKHD1L1	2.787456446	2.090592334	2.43902439	0.348432056
PLCL1	2.090592334	2.787456446	0.696864111	0.348432056
SIPA1L1	2.787456446	2.090592334	1.045296167	0.696864111
SLITRK2	2.787456446	2.090592334	2.43902439	1.045296167
SVEP1	2.787456446	2.090592334	0.696864111	1.393728223
EPB41L3	2.43902439	3.135888502	1.393728223	1.742160279
ERBB4	3.135888502	2.43902439	3.832752613	1.742160279
SPEN	-3.135888502	-2.43902439	-1.742160279	-1.045296167
TRIO	3.135888502	2.43902439	1.393728223	1.393728223
TRIOBP	3.135888502	2.43902439	1.393728223	1.393728223
UTRN	3.135888502	2.43902439	2.787456446	1.393728223
VPS13D	3.135888502	2.43902439	1.742160279	1.393728223
DNAH9	3.484320557	2.787456446	3.832752613	1.393728223
PREX2	2.787456446	3.484320557	1.393728223	3.135888502
TRPS1	2.787456446	3.484320557	2.090592334	2.090592334
DNAH7	3.135888502	3.832752613	2.090592334	0.696864111
PTPRT	3.832752613	3.135888502	2.090592334	1.045296167
XIRP2	4.181184669	3.484320557	1.742160279	2.43902439
LRP1B	9.407665505	8.710801394	5.574912892	4.87804878
MUC16	9.756097561	9.059233449	5.923344948	4.181184669
TTN	16.72473868	16.02787456	10.10452962	9.059233449
DCDC1	2.787456446	2.43902439	1.393728223	0.348432056
DNAH1	2.787456446	2.43902439	1.045296167	1.742160279
DOCK2	3.135888502	2.787456446	2.43902439	1.045296167
EDNRB	2.787456446	2.43902439	1.393728223	1.393728223
FLG2	2.43902439	2.787456446	1.742160279	0.348432056
HRNR	2.787456446	2.43902439	1.393728223	2.090592334
LAMA1	5.226480836	4.87804878	2.090592334	1.393728223
MYO16	2.43902439	2.787456446	2.43902439	0.348432056
MYOM2	2.787456446	2.43902439	1.393728223	0.348432056
NPAP1	2.787456446	3.135888502	0.348432056	1.045296167
PDZD2	3.135888502	2.787456446	2.090592334	1.045296167
SCN3A	2.787456446	2.43902439	2.090592334	0.696864111
SCN9A	2.787456446	2.43902439	0.696864111	2.43902439
TAF1L	3.135888502	2.787456446	2.090592334	1.393728223
TENM3	2.43902439	2.787456446	2.43902439	1.393728223
TSHZ3	2.43902439	2.787456446	0.348432056	0.696864111
A2M	1.393728223	1.742160279	#N/A	#N/A
ABCB1	1.742160279	1.393728223	2.43902439	2.090592334
ACACB	2.43902439	2.43902439	1.045296167	1.742160279
ACAN	2.090592334	1.742160279	2.43902439	1.045296167
ACIN1	1.742160279	1.393728223	0.696864111	1.045296167
ADAMTS18	2.090592334	1.742160279	3.135888502	0.696864111
ADAMTS5	2.43902439	2.43902439	1.045296167	1.045296167
ADAMTSL3	1.393728223	1.742160279	2.090592334	1.742160279
ADCY2	1.742160279	1.393728223	0.696864111	0.348432056
ADCY3	1.742160279	1.393728223	0.348432056	1.045296167
ADGRL3	2.43902439	2.090592334	0.348432056	0.348432056
AKAP13	1.742160279	2.090592334	0.696864111	1.393728223
ALPK2	1.742160279	1.393728223	3.135888502	0.348432056
ANO4	1.393728223	1.742160279	#N/A	#N/A
AQR	1.742160279	1.393728223	0.696864111	0.696864111
ARFGEF2	2.090592334	1.742160279	1.045296167	1.045296167
ARFGEF3	1.742160279	1.393728223	0.348432056	1.045296167
ARHGAP33	1.742160279	1.393728223	0.696864111	0.696864111
ARHGEF17	1.742160279	1.742160279	1.045296167	0.348432056
ARMC4	1.742160279	2.090592334	0.696864111	1.393728223
ATP1A4	1.742160279	1.393728223	1.393728223	0
BCL9	1.742160279	1.742160279	1.742160279	0.348432056
BRINP1	2.090592334	1.742160279	0.696864111	0.348432056
BRINP3	2.090592334	2.090592334	0.696864111	0.696864111
BRPF1	1.742160279	1.393728223	0.696864111	0
BSN	2.090592334	1.742160279	2.787456446	1.393728223
CACNA1D	1.742160279	1.742160279	2.090592334	1.045296167
CACNA1E	3.135888502	3.135888502	2.787456446	1.045296167
CACNA1H	2.090592334	2.090592334	1.393728223	1.045296167
CDH11	3.135888502	3.135888502	0.696864111	2.090592334
CENPF	2.43902439	2.090592334	1.045296167	1.393728223
CEP128	1.393728223	1.742160279	#N/A	#N/A
CFAP61	2.090592334	1.742160279	0	2.090592334
COL15A1	2.43902439	2.090592334	1.045296167	0.696864111
COL16A1	1.393728223	1.742160279	#N/A	#N/A
COL27A1	1.742160279	1.393728223	1.045296167	0.696864111
COL4A3	1.742160279	1.393728223	0.696864111	0
COL5A2	1.742160279	2.090592334	0.696864111	0.696864111
COL6A3	3.832752613	3.832752613	1.742160279	1.045296167
CPED1	1.393728223	1.742160279	#N/A	#N/A
CR2	1.742160279	2.090592334	0.348432056	1.045296167
CTNNA3	1.742160279	2.090592334	0.696864111	0.696864111
CUL7	1.742160279	1.742160279	0.348432056	1.393728223
DCAF12L2	1.742160279	2.090592334	1.393728223	0.696864111
DLC1	2.090592334	1.742160279	0.696864111	1.742160279
DMXL1	1.393728223	1.742160279	#N/A	2.43902439
DNAJC13	2.090592334	2.090592334	0.348432056	1.045296167
DOCK10	2.090592334	2.43902439	2.090592334	0.696864111
DOCK4	2.090592334	2.43902439	1.742160279	0.348432056
DST	2.43902439	2.090592334	4.181184669	1.742160279
DYNC2H1	2.090592334	2.43902439	2.090592334	2.090592334
EGFLAM	1.393728223	1.742160279	#N/A	#N/A
EIF4G3	1.393728223	1.742160279	#N/A	#N/A
ELMO1	2.090592334	1.742160279	1.393728223	0.348432056
EPRS	2.090592334	1.742160279	0	1.045296167
ERICH3	2.090592334	2.43902439	2.090592334	0.696864111
EVC	1.742160279	1.742160279	1.393728223	1.393728223
F8	1.742160279	2.090592334	1.393728223	0.696864111
FAM21A	2.090592334	1.742160279	0.348432056	1.045296167
FBN1	2.090592334	2.090592334	4.529616725	1.742160279
FLG	5.574912892	5.923344948	5.226480836	3.135888502
FRYL	1.742160279	1.393728223	1.742160279	0.348432056
GRIA1	1.393728223	1.742160279	#N/A	#N/A
GRID2	1.393728223	1.742160279	#N/A	#N/A
GRM7	1.742160279	1.742160279	1.393728223	1.045296167
ICE1	1.742160279	1.393728223	0.696864111	1.045296167
IFI16	1.393728223	1.742160279	#N/A	#N/A
IGSF1	1.742160279	1.742160279	1.742160279	0.348432056
ITGAV	1.393728223	1.742160279	1.742160279	#N/A
JARID2	1.742160279	1.393728223	2.090592334	1.393728223
KDM5B	1.742160279	1.393728223	1.045296167	0
KIAA1217	1.742160279	1.742160279	1.045296167	1.045296167
KIF21A	1.742160279	1.742160279	0.696864111	0.696864111
KIF21B	1.742160279	1.742160279	0.348432056	0.696864111
KIF2B	2.43902439	2.090592334	1.045296167	1.393728223
KIRREL	2.090592334	2.090592334	1.045296167	0
KLB	1.742160279	1.393728223	0.696864111	0
KSR2	2.090592334	1.742160279	1.393728223	0
LAMA3	1.742160279	1.393728223	0.696864111	0.696864111
LAMA4	2.090592334	1.742160279	2.090592334	0.696864111
LINGO2	1.742160279	2.090592334	0.696864111	0.696864111
LPA	1.742160279	1.393728223	0	1.393728223
LRP2	3.832752613	3.484320557	3.135888502	0.348432056
LRP5	1.742160279	1.742160279	1.045296167	1.045296167
MAP1A	2.090592334	2.090592334	0.696864111	0
MAP1B	1.742160279	1.393728223	1.742160279	0.348432056
MAP2	3.832752613	3.484320557	2.43902439	1.045296167
MEFV	1.742160279	1.393728223	0.348432056	0
MICAL1	1.742160279	1.393728223	0.348432056	0.348432056
MUSK	1.742160279	1.393728223	1.393728223	0
MYH3	1.393728223	1.742160279	#N/A	#N/A
MYH9	1.742160279	2.090592334	1.045296167	0.696864111
MYO3A	2.090592334	2.43902439	1.742160279	1.393728223
MYO5A	1.742160279	1.393728223	0.696864111	0.348432056
MYT1L	1.742160279	1.393728223	0.696864111	0.348432056
NAV1	2.090592334	1.742160279	0.696864111	1.393728223
NCAM2	1.742160279	1.393728223	1.393728223	1.393728223
NELL1	1.393728223	1.742160279	#N/A	#N/A
NF1	-2.090592334	-2.090592334	-1.045296167	-0.696864111
NLRC5	1.742160279	1.393728223	1.045296167	0
NRG1	2.090592334	1.742160279	0.696864111	0.348432056
NRG3	1.742160279	1.393728223	1.742160279	0.348432056
NSD1	-1.742160279	-1.393728223	-1.045296167	-1.045296167
NTNG1	1.742160279	1.742160279	1.742160279	0.348432056
NUP210	2.090592334	1.742160279	1.742160279	0.696864111
NUP214	1.742160279	1.393728223	0.696864111	0.696864111
OSBPL6	1.742160279	1.393728223	1.045296167	0.696864111
PAPPA2	2.090592334	2.43902439	1.393728223	1.045296167
PC	1.742160279	1.742160279	0.696864111	0.348432056
PCDH18	2.090592334	2.090592334	1.393728223	1.045296167
PCDHA10	1.393728223	1.742160279	#N/A	#N/A
PDE10A	1.742160279	1.393728223	0.696864111	0
PDE3A	1.742160279	1.393728223	0.348432056	0.696864111
PDS5B	-1.393728223	-1.742160279	#N/A	#N/A
PIK3C2G	1.742160279	1.393728223	0.348432056	0.696864111
PLK1	2.090592334	1.742160279	0.696864111	0
PLXNA2	1.393728223	1.742160279	#N/A	#N/A
POLR1A	1.742160279	1.393728223	0.696864111	0.696864111
POTEE	1.742160279	1.393728223	0.348432056	0
PRRC2A	1.742160279	1.742160279	1.045296167	0.348432056
PRUNE2	1.742160279	2.090592334	1.393728223	1.742160279
PTPRZ1	2.090592334	1.742160279	1.045296167	1.393728223
RELN	3.484320557	3.832752613	2.787456446	1.045296167
RGPD4	1.393728223	1.742160279	#N/A	#N/A
ROBO2	1.742160279	2.090592334	2.43902439	0.348432056
RP1L1	1.393728223	1.742160279	1.742160279	#N/A
SACS	3.484320557	3.484320557	4.529616725	2.787456446
SBF1	2.090592334	1.742160279	2.090592334	0.696864111
SEC31B	1.742160279	1.393728223	0.348432056	0.696864111
SETBP1	2.090592334	1.742160279	1.045296167	1.393728223
SGIP1	1.393728223	1.742160279	#N/A	#N/A
SHPRH	1.742160279	1.393728223	1.742160279	0
SLC9C2	1.742160279	1.742160279	1.393728223	1.742160279
SLCO6A1	1.742160279	1.393728223	1.393728223	0.348432056
SLX4	1.393728223	1.742160279	1.742160279	#N/A
SMAD4	-3.484320557	-3.135888502	-1.045296167	-2.090592334
SORBS2	1.742160279	1.393728223	2.090592334	0.348432056
SORL1	2.090592334	1.742160279	1.393728223	0.696864111
SPHKAP	1.742160279	1.393728223	1.742160279	1.393728223
SPTBN5	1.742160279	1.393728223	2.090592334	1.045296167
SRRM2	2.090592334	1.742160279	1.393728223	1.045296167
SYNE1	7.665505226	7.317073171	5.923344948	4.87804878
SZT2	1.393728223	1.742160279	#N/A	#N/A
TEP1	1.742160279	1.393728223	1.393728223	1.045296167
TEX14	1.742160279	1.393728223	0.696864111	0
THSD7A	1.393728223	1.742160279	#N/A	#N/A
THSD7B	2.090592334	2.090592334	2.43902439	1.045296167
TIAM2	2.090592334	1.742160279	1.393728223	0
TMEM132D	2.43902439	2.43902439	2.090592334	0.348432056
TONSL	1.742160279	1.742160279	0.348432056	0.348432056
TRANK1	1.393728223	1.742160279	#N/A	#N/A
TRERF1	1.742160279	1.393728223	0.348432056	0.696864111
TRPC6	2.090592334	1.742160279	0.348432056	0
TTC3	1.742160279	1.393728223	0.348432056	0.696864111
UMODL1	1.742160279	1.393728223	0.696864111	0.696864111
UNC5D	1.742160279	1.742160279	1.045296167	0.696864111
USP34	2.090592334	1.742160279	2.43902439	1.742160279
WDR72	1.393728223	1.742160279	#N/A	#N/A
ZEB2	1.742160279	1.742160279	0.348432056	0
ZIC1	1.742160279	1.393728223	0.348432056	0
ZNF407	2.090592334	1.742160279	0.696864111	0.348432056
ZNF516	1.393728223	1.742160279	#N/A	#N/A
ZNF658	1.393728223	1.742160279	#N/A	#N/A
ZNF831	2.090592334	2.43902439	1.045296167	0.348432056
DCLK1	2.787456446	2.787456446	2.787456446	2.43902439
PCDH17	2.787456446	2.787456446	2.090592334	1.742160279
ROBO1	2.787456446	2.787456446	1.045296167	1.045296167
AASDH	0.348432056	#N/A	2.787456446	#N/A
COL8A1	0	#N/A	2.090592334	#N/A
TLN2	1.393728223	#N/A	4.181184669	#N/A
ZNF106	0.696864111	#N/A	3.135888502	#N/A
INADL	0.348432056	#N/A	2.43902439	#N/A
CLPB	0	#N/A	1.742160279	#N/A
KLF4	0	#N/A	1.742160279	#N/A
TIMM44	0	#N/A	1.742160279	#N/A
CNTNAP2	1.045296167	#N/A	3.135888502	2.43902439
ATP1A1	0.348432056	#N/A	2.090592334	#N/A
KANSL1	-0.348432056	#N/A	-2.090592334	#N/A
OR10K1	0.348432056	#N/A	2.090592334	#N/A
TUBE1	0.348432056	#N/A	2.090592334	#N/A
CDH12	1.045296167	#N/A	2.787456446	1.742160279
UBR4	1.045296167	#N/A	2.787456446	1.742160279
DMBT1	0.696864111	#N/A	2.43902439	#N/A
KNTC1	0.696864111	#N/A	2.43902439	#N/A
MBD6	0.696864111	#N/A	2.43902439	#N/A
ADARB1	0.348432056	#N/A	1.742160279	#N/A
ALPI	0.348432056	#N/A	1.742160279	#N/A
ARID4B	0.348432056	#N/A	1.742160279	#N/A
EIF3J	0.348432056	#N/A	1.742160279	#N/A
GABRA3	0.348432056	#N/A	1.742160279	#N/A
JSRP1	0.348432056	#N/A	1.742160279	#N/A
LENG1	0.348432056	#N/A	1.742160279	#N/A
LTBP2	0.348432056	#N/A	1.742160279	#N/A
MORC1	0.348432056	#N/A	1.742160279	#N/A
NOVA1	0.348432056	#N/A	1.742160279	#N/A
PTPN3	0.348432056	#N/A	1.742160279	#N/A
SLCO1C1	0.348432056	#N/A	1.742160279	#N/A
SPAG1	0.348432056	#N/A	1.742160279	#N/A
VTN	0.348432056	#N/A	1.742160279	#N/A
BICC1	0.696864111	#N/A	2.090592334	#N/A
CEP290	0.696864111	#N/A	2.090592334	#N/A
CHD2	0.696864111	#N/A	2.090592334	#N/A
GRM8	0.696864111	#N/A	2.090592334	#N/A
LAMC3	0.696864111	#N/A	2.090592334	#N/A
NRIP1	0.696864111	#N/A	2.090592334	#N/A
PCDHB6	0.696864111	#N/A	2.090592334	#N/A
RBM33	0.696864111	#N/A	2.090592334	#N/A
RHOBTB2	0.696864111	#N/A	2.090592334	#N/A
TICRR	0.696864111	#N/A	2.090592334	#N/A
TEX15	1.393728223	#N/A	2.787456446	#N/A
CDH2	1.045296167	#N/A	2.43902439	#N/A
DLG5	1.045296167	#N/A	2.43902439	#N/A
LAMB2	1.045296167	#N/A	2.43902439	#N/A
ATF7IP	-0.696864111	#N/A	-1.742160279	#N/A
CDC42BPG	0.696864111	#N/A	1.742160279	#N/A
CEP57	0.696864111	#N/A	1.742160279	#N/A
CRB2	-0.696864111	#N/A	-1.742160279	#N/A
DDI1	0.696864111	#N/A	1.742160279	#N/A
DENND2A	0.696864111	#N/A	1.742160279	#N/A
EYA4	0.696864111	#N/A	1.742160279	#N/A
GNPTAB	0.696864111	#N/A	1.742160279	#N/A
GPRASP1	0.696864111	#N/A	1.742160279	#N/A
HGFAC	0.696864111	#N/A	1.742160279	#N/A
HSPA4L	0.696864111	#N/A	1.742160279	#N/A
MYO9A	0.696864111	#N/A	1.742160279	#N/A
POU3F4	0.696864111	#N/A	1.742160279	#N/A
SV2C	0.696864111	#N/A	1.742160279	#N/A
VARS	0.696864111	#N/A	1.742160279	#N/A
XIRP1	0.696864111	#N/A	1.742160279	#N/A
ZNF227	0.696864111	#N/A	1.742160279	#N/A
AGAP1	1.393728223	#N/A	2.43902439	#N/A
KLHL4	1.393728223	#N/A	2.43902439	#N/A
MED23	1.393728223	#N/A	2.43902439	#N/A
SPG20	1.393728223	#N/A	2.43902439	#N/A
ATP9A	1.045296167	#N/A	2.090592334	#N/A
CDK5RAP2	1.045296167	#N/A	2.090592334	#N/A
CYLC1	1.045296167	#N/A	2.090592334	#N/A
F13A1	1.045296167	#N/A	2.090592334	#N/A
PRDM16	1.045296167	#N/A	2.090592334	#N/A
RTTN	1.045296167	#N/A	2.090592334	#N/A
SEMA3E	1.045296167	#N/A	2.090592334	#N/A
CD93	1.393728223	#N/A	2.090592334	#N/A
DENND3	1.393728223	#N/A	2.090592334	#N/A
FHDC1	1.393728223	#N/A	2.090592334	#N/A
FMOD	1.393728223	#N/A	2.090592334	#N/A
GRIA2	1.393728223	#N/A	2.090592334	#N/A
NOS3	1.393728223	#N/A	2.090592334	#N/A
NUMA1	1.393728223	#N/A	2.090592334	#N/A
PAPPA	1.393728223	#N/A	2.090592334	1.742160279
PCDHA1	1.393728223	#N/A	2.090592334	#N/A
SIPA1L3	1.393728223	#N/A	2.090592334	#N/A
CCDC18	1.045296167	#N/A	1.742160279	#N/A
CNBD1	1.045296167	#N/A	1.742160279	#N/A
COG5	1.045296167	#N/A	1.742160279	#N/A
CTR9	1.045296167	#N/A	1.742160279	#N/A
DOPEY2	1.045296167	#N/A	1.742160279	#N/A
HECTD1	1.045296167	#N/A	1.742160279	#N/A
KCNH5	1.045296167	#N/A	1.742160279	#N/A
KLHL14	1.045296167	#N/A	1.742160279	#N/A
NFE2L1	1.045296167	#N/A	1.742160279	#N/A
PHF20L1	1.045296167	#N/A	1.742160279	#N/A
PRG4	1.045296167	#N/A	1.742160279	#N/A
PRKD1	1.045296167	#N/A	1.742160279	#N/A
PTPRK	1.045296167	#N/A	1.742160279	#N/A
TRIM9	1.045296167	#N/A	1.742160279	#N/A
UNC13A	1.045296167	#N/A	1.742160279	#N/A
ZNF347	1.045296167	#N/A	1.742160279	#N/A
ZNF716	1.045296167	#N/A	1.742160279	#N/A
ABCB5	1.393728223	#N/A	1.742160279	#N/A
ADAD1	1.393728223	#N/A	1.742160279	#N/A
ADAMTS19	1.393728223	#N/A	1.742160279	#N/A
ADAMTSL1	1.393728223	#N/A	1.742160279	#N/A
ADCY10	1.393728223	#N/A	1.742160279	#N/A
ARHGAP39	1.393728223	#N/A	1.742160279	#N/A
C2CD3	1.393728223	#N/A	1.742160279	#N/A
CLMN	1.393728223	#N/A	1.742160279	#N/A
COL4A1	1.393728223	#N/A	1.742160279	#N/A
CUL9	1.393728223	#N/A	1.742160279	#N/A
F5	1.393728223	#N/A	1.742160279	#N/A
GLG1	1.393728223	#N/A	1.742160279	#N/A
GLIS3	1.393728223	#N/A	1.742160279	#N/A
GOLGA3	1.393728223	#N/A	1.742160279	#N/A
JMJD1C	1.393728223	#N/A	1.742160279	#N/A
LRRC37A3	1.393728223	#N/A	1.742160279	#N/A
MDC1	1.393728223	#N/A	1.742160279	#N/A
NLRP12	1.393728223	#N/A	1.742160279	#N/A
NUP205	1.393728223	#N/A	1.742160279	#N/A
PCDHA7	1.393728223	#N/A	1.742160279	#N/A
REST	1.393728223	#N/A	1.742160279	#N/A
SCLT1	1.393728223	#N/A	1.742160279	#N/A
SLC12A1	1.393728223	#N/A	1.742160279	1.742160279
STRN4	1.393728223	#N/A	1.742160279	#N/A
SYNPO	1.393728223	#N/A	1.742160279	#N/A
THOC2	1.393728223	#N/A	1.742160279	#N/A
TLE1	-1.393728223	#N/A	-1.742160279	#N/A
ZBTB38	1.393728223	#N/A	1.742160279	#N/A
EGFR	0	0	0	1.742160279
KHDRBS2	0.696864111	#N/A	#N/A	2.43902439
IL1R2	0.348432056	#N/A	#N/A	1.742160279
MAGEB3	0.696864111	#N/A	#N/A	2.090592334
NLRP2	0.696864111	#N/A	#N/A	2.090592334
TRO	0.696864111	#N/A	#N/A	2.090592334
PCDHB15	0.696864111	#N/A	#N/A	1.742160279
PDE2A	0.696864111	#N/A	#N/A	1.742160279
SETD5	0.696864111	#N/A	#N/A	1.742160279
STAG1	0.696864111	#N/A	#N/A	1.742160279
ASTN1	1.045296167	#N/A	#N/A	2.090592334
GPC6	1.393728223	#N/A	#N/A	2.090592334
IMPG2	1.393728223	#N/A	#N/A	2.090592334
PCDHB7	1.393728223	#N/A	#N/A	2.090592334
ABCG1	1.045296167	#N/A	#N/A	1.742160279
KIAA1024	1.045296167	#N/A	#N/A	1.742160279
LRFN5	1.045296167	#N/A	#N/A	1.742160279
TRIM51	1.045296167	#N/A	#N/A	1.742160279
TTLL5	1.045296167	#N/A	#N/A	1.742160279
VARS2	1.045296167	#N/A	#N/A	1.742160279
ABCA1	1.393728223	#N/A	#N/A	1.742160279
FRMPD3	1.393728223	#N/A	#N/A	1.742160279
HDAC4	1.393728223	#N/A	#N/A	1.742160279
NUP188	1.393728223	#N/A	#N/A	1.742160279
PCDHB11	1.393728223	#N/A	#N/A	1.742160279
RALGAPA1	1.393728223	#N/A	#N/A	1.742160279
SEMA3A	1.393728223	#N/A	#N/A	1.742160279
SPATA31D1	1.393728223	#N/A	#N/A	1.742160279
TCF20	1.393728223	#N/A	#N/A	1.742160279
USP9X	-1.393728223	#N/A	#N/A	-1.742160279
